The following designs have been found to be optimal in terms of Criterion 2:

For the case n= 24 and m= 17 :
The saturated OA label: oa.24.86 
A_idx:  3 4 5 6 7 8 9 10 12 13 14 16 18 19 20 21 23 ; B_idx:  1 2 17 17 15 17 15 11 17 22 15 17 15 17 17 11 22 .
64V(D) = 12.23529 ; F(D) = ( 0 0.007352941 0.1617647 0.8308824 ). 
The design D : 
         0 0 0 0 0 0 0 0 0 0 0 0 0 0 0 0 0 
         0 0 1 1 1 1 1 0 3 3 3 3 3 3 3 2 3 
         0 0 0 2 2 2 2 3 0 1 0 0 2 2 2 3 3 
         0 2 3 1 1 3 3 3 1 1 3 3 1 1 1 1 3 
         0 2 3 3 2 1 0 3 3 2 0 3 0 1 3 3 0 
         0 2 2 2 3 2 3 0 2 2 3 0 3 2 0 0 0 
         2 1 0 0 1 2 3 3 2 2 3 0 1 0 2 3 0 
         2 1 1 3 3 1 3 1 1 2 1 3 1 3 1 1 2 
         2 1 3 1 2 1 0 3 3 1 2 1 2 3 1 1 1 
         2 3 1 3 0 3 2 0 3 1 0 3 2 1 1 2 1 
         2 3 2 0 0 2 0 2 0 2 0 2 2 2 2 0 2 
         2 3 2 2 3 0 1 0 0 1 3 0 1 0 2 2 3 
         3 0 1 3 3 3 1 2 1 0 3 3 3 1 3 0 0 
         3 0 3 1 2 3 2 0 3 3 0 1 0 1 3 0 3 
         3 0 2 2 0 0 2 2 0 3 2 2 0 2 0 2 1 
         3 2 0 0 2 2 0 1 2 0 2 2 0 2 0 3 2 
         3 2 0 2 1 0 1 3 2 3 1 0 3 0 0 1 3 
         3 2 3 1 1 1 3 1 1 0 1 1 3 3 3 3 0 
         1 1 2 0 3 0 3 2 2 0 1 2 3 0 0 2 2 
         1 1 3 3 0 3 0 1 1 2 2 1 2 1 1 3 2 
         1 1 2 2 1 2 1 1 2 1 1 2 1 2 2 1 1 
         1 3 0 0 2 0 2 1 0 3 2 2 2 0 2 1 1 
         1 3 1 1 3 3 1 2 1 3 1 1 1 3 1 2 1 
         1 3 1 3 0 1 2 2 3 0 2 1 0 3 3 0 2 

For the case n= 32 and m= 28 :
The saturated OA label: had.32.24 
A_idx:  1 2 3 4 5 6 7 8 9 10 11 12 13 14 15 16 17 18 19 20 22 23 25 27 28 29 30 31 ; B_idx:  21 24 21 26 26 26 21 24 21 21 21 21 26 24 26 24 24 21 24 24 24 24 21 24 21 24 21 21 .
64V(D) = 33.86243 ; F(D) = ( 0 0 0.006613757 0.5026455 0.4907407 ). 
The design D : 
         3 3 3 3 3 3 3 3 3 3 3 3 3 3 3 3 3 3 3 3 3 3 3 3 3 3 3 3 
         2 2 2 2 2 2 2 2 2 2 2 2 2 2 2 0 0 0 0 0 0 0 0 0 0 0 0 0 
         3 2 3 2 2 2 3 0 1 1 1 1 0 0 0 2 2 3 2 2 2 2 1 0 1 0 1 1 
         2 3 2 3 1 1 0 3 2 2 0 0 1 1 1 3 3 2 1 1 1 1 2 3 2 1 0 0 
         3 3 3 0 0 0 1 3 3 1 3 3 0 1 0 1 1 1 3 3 3 1 3 1 1 3 3 1 
         2 3 0 1 3 3 0 1 0 0 2 0 3 3 1 3 1 0 3 1 1 3 2 3 0 3 0 0 
         3 2 1 1 3 1 1 0 1 3 3 3 3 0 1 0 2 3 0 2 0 0 1 0 3 2 1 3 
         2 3 0 1 1 3 2 3 0 0 0 2 1 1 3 1 3 0 1 3 1 3 0 3 0 1 2 2 
         2 1 2 2 0 0 0 1 0 2 0 2 2 1 2 1 1 2 3 1 3 3 0 3 0 3 0 2 
         3 1 3 0 0 2 3 1 1 1 1 3 2 3 0 3 1 3 1 1 1 1 3 1 3 1 3 3 
         2 0 2 1 1 1 2 0 2 2 2 0 1 2 1 2 2 0 0 0 2 2 0 0 0 2 2 2 
         3 0 1 3 3 3 1 0 3 1 1 3 1 0 3 2 0 1 0 0 2 0 1 2 3 2 3 1 
         3 0 1 2 0 2 1 2 1 3 3 1 0 2 0 0 0 1 0 2 2 2 3 2 3 0 1 3 
         2 0 0 3 1 1 2 0 2 0 2 0 3 0 3 0 0 2 2 2 0 2 2 0 2 0 2 0 
         3 0 1 0 2 0 3 2 3 1 1 1 0 2 2 0 2 3 2 0 0 0 3 2 1 2 1 3 
         2 1 0 0 2 0 0 3 0 2 0 0 2 3 2 3 3 0 3 3 3 1 0 1 2 1 2 0 
         0 2 2 2 0 2 0 0 2 0 0 0 2 2 0 0 2 0 2 2 0 0 0 2 2 2 2 2 
         0 2 2 0 2 0 0 0 0 0 2 2 0 2 2 0 2 2 0 0 2 2 2 2 2 0 2 0 
         1 2 3 1 1 1 3 2 1 1 3 1 3 0 3 2 0 1 2 0 2 0 1 2 3 0 1 3 
         0 2 0 2 2 0 2 2 0 2 0 2 0 0 0 2 0 0 2 0 0 2 2 0 2 2 2 2 
         1 3 1 3 3 1 1 3 3 1 1 1 3 3 1 1 1 3 1 1 3 3 1 1 1 1 3 3 
         1 3 1 2 0 0 3 1 1 3 3 1 0 3 2 3 1 3 1 3 1 1 1 3 1 3 3 1 
         1 3 1 0 0 2 3 1 3 3 1 1 2 1 2 1 3 1 1 1 3 3 3 1 3 3 1 1 
         0 2 0 1 1 3 0 0 2 2 0 2 1 2 3 2 0 2 2 2 2 0 2 0 0 0 0 2 
         1 1 3 3 3 3 1 1 1 3 3 1 1 1 3 1 3 1 3 1 1 1 3 1 1 1 3 3 
         1 0 3 3 1 1 1 2 1 1 1 3 3 2 3 2 2 1 0 2 0 2 3 0 1 2 1 1 
         0 0 2 1 3 3 2 2 0 2 0 0 3 0 1 0 0 2 0 2 2 0 2 2 0 2 2 0 
         0 1 2 0 2 2 0 3 2 0 2 0 0 1 2 3 1 2 1 3 1 3 0 1 2 3 0 2 
         1 1 3 1 3 1 3 1 3 3 1 3 1 3 1 1 1 1 3 3 1 3 1 3 3 1 1 1 
         0 1 0 2 2 0 2 1 2 0 2 2 2 1 0 3 3 0 1 3 3 1 2 3 0 1 0 2 
         0 1 0 3 1 3 2 3 0 0 2 2 1 3 1 1 3 2 3 1 3 1 0 1 2 3 0 0 
         1 0 1 0 0 2 1 2 3 3 3 3 2 0 0 2 2 3 2 0 0 2 1 2 1 0 3 1 

For the case n= 32 and m= 27 :
The saturated OA label: had.32.1 
A_idx:  1 2 3 4 5 6 7 8 9 10 11 12 13 14 15 17 18 19 20 21 22 23 25 26 27 28 29 ; B_idx:  30 30 30 30 30 24 24 16 30 30 30 30 30 16 16 30 30 30 30 30 31 30 30 30 30 30 30 .
64V(D) = 30.63248 ; F(D) = ( 0 0 0.1196581 0 0.8803419 ). 
The design D : 
         3 3 3 3 3 3 3 3 3 3 3 3 3 3 3 3 3 3 3 3 3 3 3 3 3 3 3 
         1 3 1 3 1 3 1 3 1 3 1 3 1 3 1 1 3 1 3 1 2 1 1 3 1 3 1 
         2 0 0 2 2 1 1 3 2 0 0 2 2 1 1 2 0 0 2 2 0 0 2 0 0 2 2 
         0 0 2 2 0 1 3 3 0 0 2 2 0 1 3 0 0 2 2 0 1 2 0 0 2 2 0 
         2 2 2 0 0 1 1 3 2 2 2 0 0 1 1 2 2 2 0 0 0 0 2 2 2 0 0 
         0 2 0 0 2 1 3 3 0 2 0 0 2 1 3 0 2 0 0 2 1 2 0 2 0 0 2 
         3 1 1 1 1 3 3 3 3 1 1 1 1 3 3 3 1 1 1 1 3 3 3 1 1 1 1 
         1 1 3 1 3 3 1 3 1 1 3 1 3 3 1 1 1 3 1 3 2 1 1 1 3 1 3 
         2 2 2 2 2 2 2 1 0 0 0 0 0 1 1 2 2 2 2 2 2 2 0 0 0 0 0 
         3 3 3 1 1 0 0 1 1 1 1 3 3 3 3 3 3 3 1 1 1 1 1 1 1 3 3 
         2 0 0 2 0 2 0 1 0 2 2 0 2 1 3 2 0 0 2 0 3 0 0 2 2 0 2 
         3 1 1 1 3 0 2 1 1 3 3 3 1 3 1 3 1 1 1 3 0 3 1 3 3 3 1 
         1 3 1 3 1 0 2 1 3 1 3 1 3 3 1 1 3 1 3 1 0 3 3 1 3 1 3 
         0 2 0 0 2 2 0 1 2 0 2 2 0 1 3 0 2 0 0 2 3 0 2 0 2 2 0 
         1 1 3 3 3 0 0 1 3 3 1 1 1 3 3 1 1 3 3 3 1 1 3 3 1 1 1 
         0 0 2 0 0 2 2 1 2 2 0 2 2 1 1 0 0 2 0 0 2 2 2 2 0 2 2 
         2 2 2 2 2 2 2 2 2 2 2 2 2 2 2 0 0 0 0 0 0 0 0 0 0 0 0 
         0 2 0 2 0 2 0 2 0 2 0 2 0 2 0 2 0 2 0 2 1 2 2 0 2 0 2 
         3 1 1 3 3 0 0 2 3 1 1 3 3 0 0 1 3 3 1 1 3 3 1 3 3 1 1 
         1 1 3 3 1 0 2 2 1 1 3 3 1 0 2 3 3 1 1 3 2 1 3 3 1 1 3 
         3 3 3 1 1 0 0 2 3 3 3 1 1 0 0 1 1 1 3 3 3 3 1 1 1 3 3 
         1 3 1 1 3 0 2 2 1 3 1 1 3 0 2 3 1 3 3 1 2 1 3 1 3 3 1 
         2 0 0 0 0 2 2 2 2 0 0 0 0 2 2 0 2 2 2 2 0 0 0 2 2 2 2 
         0 0 2 0 2 2 0 2 0 0 2 0 2 2 0 2 2 0 2 0 1 2 2 2 0 2 0 
         3 3 3 3 3 3 3 0 1 1 1 1 1 0 0 1 1 1 1 1 1 1 3 3 3 3 3 
         2 2 2 0 0 1 1 0 0 0 0 2 2 2 2 0 0 0 2 2 2 2 2 2 2 0 0 
         3 1 1 3 1 3 1 0 1 3 3 1 3 0 2 1 3 3 1 3 0 3 3 1 1 3 1 
         2 0 0 0 2 1 3 0 0 2 2 2 0 2 0 0 2 2 2 0 3 0 2 0 0 0 2 
         0 2 0 2 0 1 3 0 2 0 2 0 2 2 0 2 0 2 0 2 3 0 0 2 0 2 0 
         1 3 1 1 3 3 1 0 3 1 3 3 1 0 2 3 1 3 3 1 0 3 1 3 1 1 3 
         0 0 2 2 2 1 1 0 2 2 0 0 0 2 2 2 2 0 0 0 2 2 0 0 2 2 2 
         1 1 3 1 1 3 3 0 3 3 1 3 3 0 0 3 3 1 3 3 1 1 1 1 3 1 1 

For the case n= 32 and m= 26 :
The saturated OA label: had.32.1 
A_idx:  1 2 3 4 5 6 7 8 9 10 11 12 13 14 15 17 18 19 20 21 22 23 25 26 27 28 ; B_idx:  31 29 30 29 24 24 24 16 31 29 30 29 16 16 16 29 29 29 29 30 29 29 29 29 29 29 .
64V(D) = 25.20615 ; F(D) = ( 0 0 0.09846154 0 0.9015385 ). 
The design D : 
         3 3 3 3 3 3 3 3 3 3 3 3 3 3 3 3 3 3 3 3 3 3 3 3 3 3 
         0 2 1 2 1 3 1 3 0 2 1 2 1 3 1 0 2 0 2 1 2 0 0 2 0 2 
         2 1 0 3 3 1 1 3 2 1 0 3 3 1 1 3 1 1 3 2 1 1 3 1 1 3 
         1 0 2 2 1 1 3 3 1 0 2 2 1 1 3 0 0 2 2 0 0 2 0 0 2 2 
         2 2 2 0 1 1 1 3 2 2 2 0 1 1 1 2 2 2 0 0 0 0 2 2 2 0 
         1 3 0 1 3 1 3 3 1 3 0 1 3 1 3 1 3 1 1 2 1 3 1 3 1 1 
         3 0 1 0 1 3 3 3 3 0 1 0 1 3 3 2 0 0 0 1 2 2 2 0 0 0 
         0 1 3 1 3 3 1 3 0 1 3 1 3 3 1 1 1 3 1 3 3 1 1 1 3 1 
         2 2 2 2 2 2 2 1 0 0 0 0 1 1 1 2 2 2 2 2 2 2 0 0 0 0 
         3 3 3 1 0 0 0 1 1 1 1 3 3 3 3 3 3 3 1 1 1 1 1 1 1 3 
         3 1 0 3 0 2 0 1 1 3 2 1 3 1 3 3 1 1 3 0 3 1 1 3 3 1 
         2 0 1 0 2 0 2 1 0 2 3 2 1 3 1 2 0 0 0 3 0 2 0 2 2 2 
         0 3 1 3 0 0 2 1 2 1 3 1 3 3 1 1 3 1 3 1 1 3 3 1 3 1 
         1 2 0 0 2 2 0 1 3 0 2 2 1 1 3 0 2 0 0 2 2 0 2 0 2 2 
         1 0 3 2 2 0 0 1 3 2 1 0 1 3 3 0 0 2 2 3 0 0 2 2 0 0 
         0 1 2 1 0 2 2 1 2 3 0 3 3 1 1 1 1 3 1 0 3 3 3 3 1 3 
         2 2 2 2 2 2 2 2 2 2 2 2 2 2 2 0 0 0 0 0 0 0 0 0 0 0 
         1 3 0 3 0 2 0 2 1 3 0 3 0 2 0 3 1 3 1 2 1 3 3 1 3 1 
         3 0 1 2 2 0 0 2 3 0 1 2 2 0 0 0 2 2 0 1 2 2 0 2 2 0 
         0 1 3 3 0 0 2 2 0 1 3 3 0 0 2 3 3 1 1 3 3 1 3 3 1 1 
         3 3 3 1 0 0 0 2 3 3 3 1 0 0 0 1 1 1 3 3 3 3 1 1 1 3 
         0 2 1 0 2 0 2 2 0 2 1 0 2 0 2 2 0 2 2 1 2 0 2 0 2 2 
         2 1 0 1 0 2 2 2 2 1 0 1 0 2 2 1 3 3 3 2 1 1 1 3 3 3 
         1 0 2 0 2 2 0 2 1 0 2 0 2 2 0 2 2 0 2 0 0 2 2 2 0 2 
         3 3 3 3 3 3 3 0 1 1 1 1 0 0 0 1 1 1 1 1 1 1 3 3 3 3 
         2 2 2 0 1 1 1 0 0 0 0 2 2 2 2 0 0 0 2 2 2 2 2 2 2 0 
         2 0 1 2 1 3 1 0 0 2 3 0 2 0 2 0 2 2 0 3 0 2 2 0 0 2 
         3 1 0 1 3 1 3 0 1 3 2 3 0 2 0 1 3 3 3 0 3 1 3 1 1 1 
         1 2 0 2 1 1 3 0 3 0 2 0 2 2 0 2 0 2 0 2 2 0 0 2 0 2 
         0 3 1 1 3 3 1 0 2 1 3 3 0 0 2 3 1 3 3 1 1 3 1 3 1 1 
         0 1 2 3 3 1 1 0 2 3 0 1 0 2 2 3 3 1 1 0 3 3 1 1 3 3 
         1 0 3 0 1 3 3 0 3 2 1 2 2 0 0 2 2 0 2 3 0 0 0 0 2 0 

For the case n= 32 and m= 25 :
The saturated OA label: had.32.1 
A_idx:  1 2 3 4 5 6 7 8 9 10 11 12 13 14 16 17 18 19 20 21 23 25 27 28 29 ; B_idx:  31 24 31 26 26 24 24 22 31 15 31 26 26 22 15 15 15 15 15 15 15 15 15 15 15 .
64V(D) = 17.06667 ; F(D) = ( 0 0 0.06666667 0 0.9333333 ). 
The design D : 
         3 3 3 3 3 3 3 3 3 3 3 3 3 3 3 3 3 3 3 3 3 3 3 3 3 
         0 3 0 3 1 3 1 3 0 2 0 3 1 3 2 0 2 0 2 0 0 0 0 2 0 
         2 1 0 2 2 1 1 2 2 0 0 2 2 0 2 2 0 0 2 2 0 2 0 2 2 
         1 1 3 2 0 1 3 2 1 1 3 2 0 0 3 1 1 3 3 1 3 1 3 3 1 
         2 3 2 1 1 1 1 2 2 2 2 1 1 0 2 2 2 2 0 0 0 2 2 0 0 
         1 3 1 1 3 1 3 2 1 3 1 1 3 0 3 1 3 1 1 3 3 1 1 1 3 
         3 1 1 0 0 3 3 3 3 1 1 0 0 3 3 3 1 1 1 1 3 3 1 1 1 
         0 1 2 0 2 3 1 3 0 0 2 0 2 3 2 0 0 2 0 2 0 0 2 0 2 
         2 2 2 2 2 2 2 1 0 0 0 0 0 1 2 2 2 2 2 2 2 0 0 0 0 
         3 2 3 0 0 0 0 0 1 1 1 2 2 2 3 3 3 3 1 1 1 1 1 3 3 
         3 0 1 3 1 2 0 1 1 3 3 1 3 1 3 3 1 1 3 1 1 1 3 1 3 
         2 0 0 1 3 0 2 0 0 2 2 3 1 2 2 2 0 0 0 2 2 0 2 2 0 
         0 2 0 2 0 0 2 0 2 0 2 0 2 2 2 0 2 0 2 0 2 2 2 0 2 
         1 2 1 0 2 2 0 1 3 1 3 2 0 1 3 1 3 1 1 3 1 3 3 3 1 
         1 0 3 3 3 0 0 0 3 3 1 1 1 2 3 1 1 3 3 3 1 3 1 1 1 
         0 0 2 1 1 2 2 1 2 2 0 3 3 1 2 0 0 2 0 0 2 2 0 2 2 
         2 2 2 2 2 2 2 2 2 3 2 2 2 2 1 1 1 1 1 1 1 1 1 1 1 
         1 2 1 2 0 2 0 2 1 2 1 2 0 2 0 2 0 2 0 2 2 2 2 0 2 
         3 0 1 3 3 0 0 3 3 0 1 3 3 1 0 0 2 2 0 0 2 0 2 0 0 
         0 0 2 3 1 0 2 3 0 1 2 3 1 1 1 3 3 1 1 3 1 3 1 1 3 
         3 2 3 0 0 0 0 3 3 2 3 0 0 1 0 0 0 0 2 2 2 0 0 2 2 
         0 2 0 0 2 0 2 3 0 3 0 0 2 1 1 3 1 3 3 1 1 3 3 3 1 
         2 0 0 1 1 2 2 2 2 1 0 1 1 2 1 1 3 3 3 3 1 1 3 3 3 
         1 0 3 1 3 2 0 2 1 0 3 1 3 2 0 2 2 0 2 0 2 2 0 2 0 
         3 3 3 3 3 3 3 0 1 0 1 1 1 0 0 0 0 0 0 0 0 2 2 2 2 
         2 3 2 1 1 1 1 1 0 1 0 3 3 3 1 1 1 1 3 3 3 3 3 1 1 
         2 1 0 2 0 3 1 0 0 3 2 0 2 0 1 1 3 3 1 3 3 3 1 3 1 
         3 1 1 0 2 1 3 1 1 2 3 2 0 3 0 0 2 2 2 0 0 2 0 0 2 
         1 3 1 3 1 1 3 1 3 0 3 1 3 3 0 2 0 2 0 2 0 0 0 2 0 
         0 3 0 1 3 3 1 0 2 1 2 3 1 0 1 3 1 3 3 1 3 1 1 1 3 
         0 1 2 2 2 1 1 1 2 3 0 0 0 3 1 3 3 1 1 1 3 1 3 3 3 
         1 1 3 0 0 3 3 0 3 2 1 2 2 0 0 2 2 0 2 2 0 0 2 0 0 

For the case n= 32 and m= 24 :
The saturated OA label: had.32.9 
A_idx:  1 2 3 4 5 6 7 8 9 11 12 13 15 17 18 19 20 21 22 23 24 25 26 30 ; B_idx:  28 31 31 27 27 27 27 31 31 16 16 16 16 10 14 14 10 10 10 10 14 14 10 14 .
64V(D) = 11.13043 ; F(D) = ( 0 0 0.04347826 0 0.9565217 ). 
The design D : 
         3 3 3 3 3 3 3 3 3 3 3 3 3 3 3 3 3 3 3 3 3 3 3 3 
         2 2 2 2 2 2 2 0 0 1 1 1 1 2 2 2 2 2 2 2 0 0 0 0 
         2 2 2 1 1 1 1 2 2 3 1 1 1 3 2 2 1 1 1 1 2 2 3 0 
         3 3 3 0 0 0 0 1 1 1 3 3 3 2 3 3 0 0 0 0 1 1 0 3 
         3 0 0 2 2 0 0 2 2 1 3 3 1 2 0 0 2 2 0 0 2 2 0 0 
         2 1 1 3 3 1 1 1 1 3 1 1 3 3 1 1 3 3 1 1 1 1 3 3 
         2 1 1 0 0 2 2 3 3 1 1 1 3 2 1 1 0 0 2 2 3 3 0 3 
         3 0 0 1 1 3 3 0 0 3 3 3 1 3 0 0 1 1 3 3 0 0 3 0 
         1 2 0 2 0 2 0 2 0 1 3 1 1 1 3 1 3 1 3 1 3 1 3 3 
         0 3 1 3 1 1 3 3 1 3 1 3 3 0 2 0 2 0 0 2 2 0 0 0 
         1 3 1 1 3 3 1 1 3 3 3 1 3 0 2 0 0 2 2 0 0 2 0 0 
         0 2 0 0 2 0 2 0 2 1 1 3 1 1 3 1 1 3 1 3 1 3 3 3 
         0 0 2 3 1 3 1 0 2 3 1 3 1 0 1 3 2 0 2 0 1 3 0 3 
         1 1 3 2 0 0 2 1 3 1 3 1 3 1 0 2 3 1 1 3 0 2 3 0 
         0 1 3 0 2 2 0 3 1 1 1 3 3 1 0 2 1 3 3 1 2 0 3 0 
         1 0 2 1 3 1 3 2 0 3 3 1 1 0 1 3 0 2 0 2 3 1 0 3 
         2 2 2 2 2 2 2 2 2 2 2 2 2 1 1 1 1 1 1 1 1 1 1 1 
         3 3 3 3 3 3 3 1 1 0 0 0 0 0 0 0 0 0 0 0 2 2 2 2 
         3 3 3 0 0 0 0 3 3 2 0 0 0 1 0 0 3 3 3 3 0 0 1 2 
         2 2 2 1 1 1 1 0 0 0 2 2 2 0 1 1 2 2 2 2 3 3 2 1 
         2 1 1 3 3 1 1 3 3 0 2 2 0 0 2 2 0 0 2 2 0 0 2 2 
         3 0 0 2 2 0 0 0 0 2 0 0 2 1 3 3 1 1 3 3 3 3 1 1 
         3 0 0 1 1 3 3 2 2 0 0 0 2 0 3 3 2 2 0 0 1 1 2 1 
         2 1 1 0 0 2 2 1 1 2 2 2 0 1 2 2 3 3 1 1 2 2 1 2 
         0 3 1 3 1 3 1 3 1 0 2 0 0 3 1 3 1 3 1 3 1 3 1 1 
         1 2 0 2 0 0 2 2 0 2 0 2 2 2 0 2 0 2 2 0 0 2 2 2 
         0 2 0 0 2 2 0 0 2 2 2 0 2 2 0 2 2 0 0 2 2 0 2 2 
         1 3 1 1 3 1 3 1 3 0 0 2 0 3 1 3 3 1 3 1 3 1 1 1 
         1 1 3 2 0 2 0 1 3 2 0 2 0 2 3 1 0 2 0 2 3 1 2 1 
         0 0 2 3 1 1 3 0 2 0 2 0 2 3 2 0 1 3 3 1 2 0 1 2 
         1 0 2 1 3 3 1 2 0 0 0 2 2 3 2 0 3 1 1 3 0 2 1 2 
         0 1 3 0 2 0 2 3 1 2 2 0 0 2 3 1 2 0 2 0 1 3 2 1 

For the case n= 32 and m= 23 :
The saturated OA label: had.32.7 
A_idx:  1 2 3 4 5 7 8 9 11 12 13 14 15 19 20 22 23 24 26 27 28 29 30 ; B_idx:  16 16 17 17 16 18 17 16 18 6 18 17 16 6 6 6 6 10 10 10 6 6 6 .
64V(D) = 6.071146 ; F(D) = ( 0 0 0.02371542 0 0.9762846 ). 
The design D : 
         3 3 3 3 3 3 3 3 3 3 3 3 3 3 3 3 3 3 3 3 3 3 3 
         3 3 3 3 3 3 1 1 1 1 1 1 1 3 3 3 3 0 0 0 1 1 1 
         3 3 3 1 1 1 3 3 3 0 1 1 1 2 0 0 0 3 3 3 0 0 0 
         3 3 3 1 1 1 1 1 1 2 3 3 3 2 0 0 0 0 0 0 2 2 2 
         3 1 1 3 3 0 3 3 0 2 2 1 1 0 2 0 0 2 0 0 2 2 0 
         3 1 1 3 3 0 1 1 2 0 0 3 3 0 2 0 0 1 3 3 0 0 2 
         3 1 1 1 1 2 3 3 0 1 0 3 3 1 1 3 3 2 0 0 1 1 3 
         3 1 1 1 1 2 1 1 2 3 2 1 1 1 1 3 3 1 3 3 3 3 1 
         1 3 0 2 1 1 2 1 1 3 1 2 1 1 3 3 1 3 3 1 3 1 3 
         1 3 0 2 1 1 0 3 3 1 3 0 3 1 3 3 1 0 0 2 1 3 1 
         1 3 0 0 3 3 2 1 1 0 3 0 3 0 0 0 2 3 3 1 0 2 0 
         1 3 0 0 3 3 0 3 3 2 1 2 1 0 0 0 2 0 0 2 2 0 2 
         1 1 2 2 1 2 2 1 2 0 2 2 1 2 2 0 2 2 0 2 0 2 2 
         1 1 2 2 1 2 0 3 0 2 0 0 3 2 2 0 2 1 3 1 2 0 0 
         1 1 2 0 3 0 2 1 2 3 0 0 3 3 1 3 1 2 0 2 3 1 1 
         1 1 2 0 3 0 0 3 0 1 2 2 1 3 1 3 1 1 3 1 1 3 3 
         2 2 2 2 2 2 2 2 2 3 2 2 2 1 1 1 1 1 1 1 1 1 1 
         2 2 2 2 2 2 0 0 0 1 0 0 0 1 1 1 1 2 2 2 3 3 3 
         2 2 2 0 0 0 2 2 2 0 0 0 0 0 2 2 2 1 1 1 2 2 2 
         2 2 2 0 0 0 0 0 0 2 2 2 2 0 2 2 2 2 2 2 0 0 0 
         2 0 0 2 2 1 2 2 1 2 3 0 0 2 0 2 2 0 2 2 0 0 2 
         2 0 0 2 2 1 0 0 3 0 1 2 2 2 0 2 2 3 1 1 2 2 0 
         2 0 0 0 0 3 2 2 1 1 1 2 2 3 3 1 1 0 2 2 3 3 1 
         2 0 0 0 0 3 0 0 3 3 3 0 0 3 3 1 1 3 1 1 1 1 3 
         0 2 1 3 0 0 3 0 0 3 0 3 0 3 1 1 3 1 1 3 1 3 1 
         0 2 1 3 0 0 1 2 2 1 2 1 2 3 1 1 3 2 2 0 3 1 3 
         0 2 1 1 2 2 3 0 0 0 2 1 2 2 2 2 0 1 1 3 2 0 2 
         0 2 1 1 2 2 1 2 2 2 0 3 0 2 2 2 0 2 2 0 0 2 0 
         0 0 3 3 0 3 3 0 3 0 3 3 0 0 0 2 0 0 2 0 2 0 0 
         0 0 3 3 0 3 1 2 1 2 1 1 2 0 0 2 0 3 1 3 0 2 2 
         0 0 3 1 2 1 3 0 3 3 1 1 2 1 3 1 3 0 2 0 1 3 3 
         0 0 3 1 2 1 1 2 1 1 3 3 0 1 3 1 3 3 1 3 3 1 1 



For the case n= 40 and m= 36 :
The saturated OA label: had.40.3 
A_idx:  17 29 13 23 35 27 37 4 22 10 7 39 20 12 36 19 3 6 38 34 28 33 5 30 31 21 15 26 16 9 1 25 2 14 18 32 ; B_idx:  8 8 8 8 8 8 8 8 8 8 8 8 8 8 8 8 8 8 8 11 8 8 8 8 8 8 8 8 8 8 8 8 8 8 8 8 .
64V(D) = 41.90476 ; F(D) = ( 0 0 0.006349206 0.03571429 0.4547619 0.5031746 ). 
The design D : 
         3 3 3 1 1 3 1 1 3 1 3 3 3 3 3 3 3 3 3 2 3 3 3 1 3 3 1 1 1 3 3 3 1 3 3 1 
         0 0 0 2 0 0 0 0 2 2 0 2 0 0 2 2 2 0 0 2 0 0 0 0 2 0 2 0 0 0 0 2 0 2 0 0 
         3 1 1 3 1 3 3 1 1 3 3 3 3 3 3 1 3 3 1 3 3 1 3 1 3 1 3 3 3 3 1 3 3 1 1 3 
         2 0 2 0 0 0 2 0 0 0 0 2 2 2 0 0 0 0 0 2 2 0 0 0 0 2 0 0 0 0 0 0 2 0 2 2 
         1 3 3 3 3 1 3 3 3 3 3 3 1 1 1 3 1 3 1 2 3 1 3 3 1 3 3 3 1 3 1 3 3 3 3 3 
         2 0 0 0 0 2 0 2 0 2 2 2 0 0 2 2 2 0 2 1 0 0 0 2 0 2 0 2 0 2 2 2 2 0 2 2 
         3 3 1 1 3 1 3 3 1 3 1 1 3 1 1 1 3 1 3 2 1 1 3 1 3 1 1 3 3 1 3 3 3 3 3 1 
         2 2 2 0 0 0 2 2 0 0 0 2 0 0 2 0 2 2 0 0 2 2 0 2 0 0 2 0 2 2 2 2 2 2 0 0 
         0 2 2 2 2 2 0 2 0 0 2 0 0 2 2 2 2 0 2 2 2 0 2 0 0 0 2 0 2 0 2 0 2 0 0 2 
         1 1 1 1 3 3 3 3 3 1 1 3 1 3 1 3 3 3 1 1 3 3 1 1 3 1 3 3 1 1 3 1 3 1 3 1 
         2 2 2 2 0 2 2 0 0 2 0 0 0 0 0 2 0 2 0 1 0 2 2 0 2 2 2 0 2 0 2 2 0 0 2 2 
         2 2 0 0 0 0 0 2 2 0 0 0 2 2 2 2 0 0 0 1 2 0 2 2 2 0 2 2 2 2 0 0 0 2 2 2 
         0 2 0 2 0 0 2 0 2 0 2 2 2 0 2 0 0 2 2 1 0 2 2 0 0 0 0 2 0 0 2 0 2 2 0 2 
         0 0 0 0 2 0 2 2 2 2 0 0 0 2 2 0 0 2 2 0 2 0 2 0 2 2 0 0 0 2 2 2 0 0 0 2 
         1 3 3 3 3 3 3 3 1 1 1 3 3 1 3 1 3 1 1 1 1 1 3 3 3 3 1 1 1 3 1 1 1 1 1 1 
         1 3 1 1 3 3 1 1 3 1 3 3 3 1 1 1 1 1 1 0 1 1 1 1 1 1 3 1 3 3 3 3 1 1 3 3 
         3 3 1 3 1 1 1 3 1 1 3 3 1 1 1 3 1 3 3 0 3 1 1 1 3 3 1 3 3 1 1 1 1 1 1 1 
         1 3 3 1 3 1 1 1 1 3 1 3 1 3 3 3 1 1 1 3 1 3 1 1 3 3 1 3 3 3 3 1 3 3 1 3 
         3 1 3 3 3 1 1 3 1 3 3 3 3 3 1 1 1 1 3 1 3 3 1 3 3 1 3 1 1 1 3 3 1 3 1 3 
         0 2 2 0 0 2 2 2 2 2 2 2 0 2 0 0 2 2 2 3 0 0 0 2 2 0 0 0 2 0 0 0 0 2 2 2 
         3 1 3 1 1 1 3 1 3 1 3 1 1 1 1 3 1 1 3 3 1 1 3 3 3 1 3 1 1 3 3 1 3 1 1 1 
         1 1 1 3 1 1 3 3 1 3 3 1 3 3 3 3 1 3 1 2 1 3 1 3 1 1 1 1 3 3 3 1 1 1 3 1 
         3 1 1 1 3 1 1 3 1 1 3 1 1 1 3 1 3 3 1 3 1 3 3 1 1 3 3 1 1 1 1 1 1 3 3 3 
         1 3 1 3 1 3 3 1 1 1 1 1 1 3 3 1 1 1 3 3 3 1 1 3 1 3 3 3 1 1 3 3 1 3 3 1 
         2 2 2 0 2 2 2 2 2 2 2 0 2 0 2 2 0 0 0 3 2 2 0 0 0 0 0 2 0 0 0 2 0 0 0 0 
         3 3 1 3 1 3 3 3 3 3 1 1 3 3 1 3 3 1 3 0 1 3 1 1 1 3 3 1 1 3 1 1 3 3 1 3 
         2 2 0 0 2 2 0 0 0 2 0 2 0 2 0 0 0 2 2 2 0 2 2 2 0 0 2 2 0 2 0 0 0 0 0 0 
         2 2 2 2 2 0 0 0 2 2 2 0 2 2 2 0 2 2 0 0 0 0 0 2 2 2 2 2 0 0 2 0 2 0 2 0 
         2 0 0 2 2 2 0 2 2 0 0 2 2 2 0 2 0 2 0 3 0 0 2 2 0 2 0 0 2 0 2 2 2 2 0 0 
         0 0 2 2 0 0 0 2 2 2 0 2 2 0 0 0 2 0 2 3 2 2 2 0 0 2 2 2 2 2 2 0 0 0 2 0 
         0 0 0 0 2 2 2 0 0 2 2 2 2 0 2 2 0 0 2 0 2 2 2 2 2 2 2 0 2 0 0 0 2 2 2 0 
         1 3 1 1 1 1 1 1 3 3 3 1 1 3 1 1 3 1 1 1 3 3 3 3 1 3 1 1 3 1 1 3 3 1 1 1 
         3 1 3 3 3 1 3 1 3 1 1 3 1 3 3 3 3 1 3 0 1 3 3 3 1 1 1 3 3 1 1 3 1 1 3 3 
         1 1 3 1 1 3 1 1 1 3 1 1 3 1 1 3 3 3 1 0 3 1 3 3 1 1 1 3 1 1 3 1 1 3 1 3 
         0 0 2 2 0 2 0 2 0 0 2 0 0 2 0 0 0 0 0 0 0 2 2 0 2 0 0 2 0 2 0 2 2 2 2 0 
         3 1 3 3 3 3 1 1 3 3 1 1 1 1 3 1 1 3 3 1 3 1 1 1 1 1 1 1 3 3 1 1 3 3 3 1 
         0 2 0 2 2 0 0 0 0 0 0 0 2 0 0 2 2 2 2 3 2 2 0 2 2 0 0 0 0 2 0 2 2 0 2 2 
         0 0 2 0 2 0 2 0 0 0 2 0 2 2 0 2 2 2 2 1 0 0 0 0 0 2 2 2 2 2 0 2 0 2 0 0 
         2 0 0 2 2 2 2 0 2 0 2 0 0 0 0 0 2 0 0 2 2 2 0 2 2 2 0 2 2 2 2 0 0 2 0 2 
         1 1 3 1 1 3 1 3 3 1 1 1 3 1 3 1 1 3 3 2 1 3 1 3 3 3 3 3 3 1 1 3 3 1 1 3 

For the case n= 40 and m= 35 :
The saturated OA label: had.40.64 
A_idx:  23 36 25 4 7 1 27 12 21 5 6 15 33 20 35 10 19 24 2 16 14 34 11 9 17 37 13 31 18 26 8 28 30 29 3 ; B_idx:  32 22 32 22 32 38 39 22 22 32 32 22 22 32 32 22 39 22 22 39 22 22 22 32 22 32 22 22 22 32 32 39 22 32 32 .
64V(D) = 39.15294 ; F(D) = ( 0 0 0.007563025 0.03529412 0.402521 0.5546218 ). 
The design D : 
         0 2 0 0 2 3 3 2 2 2 2 2 0 2 0 0 3 2 0 3 2 0 2 2 0 0 2 2 0 2 0 3 0 2 2 
         1 3 1 1 1 0 1 1 3 1 1 1 3 1 1 1 1 1 1 3 3 3 1 3 3 1 1 3 1 1 1 1 1 3 3 
         2 3 2 1 2 0 3 3 1 0 2 1 1 0 0 3 3 3 3 1 3 3 3 2 3 2 1 1 3 2 2 1 1 2 2 
         1 0 1 0 1 0 3 2 0 1 3 2 0 3 1 0 3 2 2 1 0 2 0 1 0 3 0 2 0 1 1 1 2 1 1 
         1 1 3 3 1 0 3 3 3 3 3 3 1 3 3 3 1 1 3 3 3 1 1 3 3 3 3 1 1 1 3 3 1 3 1 
         1 2 3 2 3 2 0 2 0 1 1 0 0 3 1 0 2 0 2 2 0 0 0 3 2 1 2 0 2 3 1 0 2 3 1 
         0 0 2 0 0 2 0 2 0 2 0 2 0 0 2 0 0 2 2 2 0 2 2 0 2 0 0 2 2 0 2 2 0 2 2 
         1 3 3 1 3 1 0 3 3 3 1 1 1 3 3 1 0 3 1 0 3 3 1 1 1 3 3 3 3 3 3 0 1 1 1 
         1 1 1 3 3 1 2 1 1 3 1 3 1 1 1 3 2 1 3 2 3 3 1 1 1 1 1 1 3 3 1 2 1 1 3 
         0 0 2 2 0 2 2 0 2 0 2 2 2 0 0 0 2 0 0 0 2 0 0 0 2 2 2 2 2 2 2 0 0 0 2 
         3 0 3 0 3 1 2 0 2 1 1 2 2 3 1 2 2 2 0 2 0 2 2 1 2 1 2 0 0 1 3 0 0 3 1 
         0 2 2 0 0 3 3 0 2 2 0 0 0 0 2 2 3 0 2 1 0 2 0 2 0 0 2 0 0 0 2 1 2 0 2 
         0 0 0 2 2 3 1 0 0 0 0 2 2 2 2 0 1 0 2 1 2 2 2 2 0 2 0 0 0 2 2 1 0 2 0 
         1 2 3 2 3 3 1 2 0 1 3 0 2 1 1 2 1 2 0 3 0 0 0 1 0 3 0 0 0 1 3 3 0 1 3 
         3 2 1 2 3 1 2 0 0 3 3 0 0 1 3 0 0 0 2 0 0 0 2 1 2 3 2 2 0 1 1 0 0 3 3 
         3 0 3 2 1 3 1 2 2 3 1 0 0 1 1 2 3 0 0 1 2 2 2 1 2 3 0 2 0 3 1 3 2 3 1 
         0 3 2 3 0 1 2 3 1 0 0 3 3 2 0 3 0 1 1 0 1 3 3 2 1 2 3 3 3 0 0 2 3 2 2 
         2 1 2 1 2 3 1 1 1 2 2 3 1 2 0 3 1 1 1 1 1 1 1 2 3 0 1 3 3 0 0 1 1 0 0 
         0 1 0 3 0 1 0 1 3 2 2 1 1 0 0 1 2 3 1 2 1 1 3 2 1 2 1 1 3 0 2 0 3 2 0 
         1 1 3 1 1 3 3 1 1 1 3 1 3 1 3 3 1 3 3 3 3 1 3 1 1 1 3 3 3 3 1 1 3 3 1 
         1 3 1 3 3 2 0 1 1 1 3 3 1 1 3 3 2 3 1 0 3 3 3 3 3 1 3 3 1 1 3 2 3 1 1 
         2 0 0 2 2 0 1 2 0 2 2 0 2 2 2 2 3 0 0 3 2 2 0 0 0 0 2 2 2 0 2 1 2 2 2 
         2 3 0 1 0 2 2 1 1 0 0 1 1 2 2 3 2 1 1 2 1 1 1 0 1 2 1 3 1 2 2 2 1 2 0 
         2 2 2 2 2 0 3 0 2 0 0 2 0 0 2 0 1 2 0 1 2 0 0 0 0 0 0 0 2 0 0 3 2 2 0 
         3 2 1 0 3 2 2 2 2 3 1 2 2 1 1 2 0 0 2 2 2 0 2 3 0 3 0 2 2 1 3 0 2 1 1 
         3 2 3 0 1 0 1 0 0 3 3 2 2 1 3 0 3 0 0 3 0 2 2 3 0 3 2 0 2 3 1 3 0 1 1 
         2 1 2 1 2 2 0 1 3 0 2 1 1 2 0 1 0 1 3 2 3 3 3 0 1 2 3 1 1 0 0 2 3 0 2 
         2 3 0 3 0 2 0 3 3 2 2 3 3 0 0 3 0 3 3 0 1 3 1 0 1 0 3 1 1 2 0 0 1 2 0 
         3 1 3 3 1 2 2 3 1 3 1 1 3 3 3 1 2 3 1 0 3 1 3 3 1 1 1 1 1 1 1 0 1 1 3 
         3 0 1 2 1 0 1 0 2 1 1 0 0 3 1 2 1 2 2 1 0 0 2 3 0 1 2 2 2 3 3 3 0 1 3 
         0 3 2 3 2 0 1 1 3 2 0 3 3 2 2 3 3 3 3 3 1 1 3 0 3 2 1 3 1 2 0 1 3 0 2 
         0 1 0 1 2 0 3 3 1 2 0 1 3 0 0 1 1 1 1 1 1 1 3 0 3 0 3 1 1 2 2 3 3 0 0 
         3 3 1 1 1 3 1 1 1 3 1 3 3 3 1 1 3 3 3 1 3 1 1 1 3 3 3 1 3 1 3 3 3 3 3 
         2 1 0 3 2 3 3 3 3 0 0 1 3 0 2 1 3 3 3 3 1 3 1 2 3 2 3 3 3 0 0 3 1 0 0 
         3 3 1 3 1 3 3 3 3 1 3 3 1 3 3 1 1 1 1 3 1 3 3 1 3 1 1 1 3 3 3 1 3 1 3 
         0 2 0 0 0 1 0 2 2 0 2 0 2 2 2 2 2 0 2 0 2 0 2 0 2 0 0 0 2 0 0 2 0 0 0 
         3 1 3 1 3 1 0 3 3 1 3 3 3 1 3 1 2 1 3 0 1 1 1 3 1 1 1 3 1 3 3 2 3 3 3 
         2 0 0 0 0 1 0 2 0 0 0 2 0 0 2 2 0 2 0 2 2 0 0 2 2 2 2 0 0 2 0 0 2 0 2 
         1 0 1 0 3 2 2 0 2 3 3 0 2 3 3 2 0 2 0 0 0 2 0 3 2 3 0 0 2 3 1 2 2 3 3 
         2 2 2 2 0 1 2 0 0 2 2 0 2 2 0 0 0 2 2 2 2 2 0 2 2 0 0 2 0 2 2 2 2 0 0 

For the case n= 40 and m= 34 :
The saturated OA label: had.40.94 
A_idx:  15 17 33 24 36 25 27 8 31 1 4 14 29 28 3 26 34 35 20 30 18 16 32 6 13 11 38 39 19 37 2 21 22 12 ; B_idx:  10 10 23 10 10 5 5 10 7 9 5 5 7 7 7 9 7 10 10 7 10 10 23 10 23 7 10 10 10 10 5 10 10 7 .
64V(D) = 35.59358 ; F(D) = ( 0 0 0.004456328 0.07486631 0.2165775 0.7040998 ). 
The design D : 
         1 3 1 3 1 1 3 3 2 2 1 1 2 2 2 2 0 1 1 2 3 3 1 3 1 0 3 3 3 3 1 3 3 0 
         1 1 2 3 1 1 1 3 2 0 1 1 2 0 2 0 0 3 1 0 1 1 2 1 2 2 1 3 3 1 1 1 1 2 
         2 2 2 2 2 3 3 2 1 0 1 1 3 1 3 2 3 2 2 1 0 2 0 0 2 1 0 0 2 2 3 2 2 1 
         1 3 0 1 1 1 3 1 3 0 1 3 1 1 1 0 3 1 1 3 1 1 0 1 2 3 3 1 1 3 3 1 3 1 
         2 2 1 2 0 3 3 0 3 1 3 1 3 3 1 1 1 2 2 1 2 0 3 0 1 3 2 2 2 0 3 0 2 1 
         3 1 0 1 3 0 2 1 3 3 0 0 3 3 3 3 1 3 3 3 1 1 0 1 0 1 1 1 1 1 0 1 1 1 
         3 3 3 1 3 0 0 1 3 1 0 0 3 1 3 1 1 1 3 1 3 3 3 3 3 3 3 1 1 3 0 3 3 3 
         0 0 3 0 0 2 2 0 0 1 0 0 2 0 2 3 2 0 0 0 2 0 1 2 3 0 2 2 0 0 2 0 0 0 
         3 1 1 3 3 0 2 3 2 1 0 2 0 0 0 1 2 3 3 2 3 3 1 3 3 2 1 3 3 1 2 3 1 0 
         0 0 0 0 2 2 2 2 2 0 2 0 2 2 0 0 0 0 0 0 0 2 2 2 0 2 0 0 0 2 2 2 0 0 
         0 2 3 0 2 0 2 2 1 1 0 2 1 3 1 1 1 2 0 1 0 0 1 2 1 1 0 2 2 2 0 0 2 3 
         0 2 3 2 0 2 0 0 2 3 0 2 2 2 2 1 2 0 2 2 0 2 1 0 1 2 0 0 2 2 2 0 0 2 
         3 3 3 3 3 0 2 3 0 2 2 0 2 2 0 0 2 1 1 2 3 1 3 1 3 0 1 1 1 1 2 1 3 2 
         0 0 3 0 0 0 2 0 3 2 2 2 1 3 3 2 3 2 0 1 2 2 3 0 3 3 0 0 2 0 0 2 2 1 
         3 3 2 1 1 2 2 1 2 0 2 2 0 0 2 2 0 1 3 2 1 1 2 3 0 0 1 3 3 1 2 3 3 2 
         2 0 2 2 0 1 3 0 0 0 1 3 0 2 0 0 0 0 2 0 2 2 0 0 0 0 2 0 0 0 1 2 0 2 
         2 0 2 0 2 3 1 2 3 2 1 3 3 3 3 0 3 2 0 3 2 0 0 2 0 3 2 2 0 0 3 2 2 3 
         1 1 2 1 1 1 3 1 1 3 3 1 3 3 1 1 3 3 3 3 1 3 2 3 2 1 3 3 3 3 3 3 1 3 
         2 2 2 2 2 1 3 2 2 3 3 3 0 2 2 3 2 0 2 0 0 0 2 2 2 2 2 2 0 2 1 0 0 0 
         1 1 3 3 3 3 3 3 3 1 3 3 1 1 3 3 1 3 1 3 3 3 3 1 1 1 3 1 1 3 3 1 1 3 
         0 2 1 0 2 3 1 0 2 0 1 1 0 2 0 2 2 2 2 2 2 0 3 0 3 0 0 2 0 2 1 2 0 2 
         3 1 1 1 1 3 1 3 1 2 1 3 1 3 3 0 1 1 3 1 3 1 3 3 3 1 1 1 3 3 3 1 1 1 
         0 2 0 2 2 1 1 0 3 3 3 3 3 1 1 3 1 0 0 1 2 0 0 2 2 1 0 0 2 0 3 2 0 3 
         0 2 0 0 0 3 3 2 0 3 3 1 0 0 2 1 0 2 2 2 2 2 0 2 2 2 0 0 0 0 1 0 2 2 
         3 3 1 1 1 1 1 3 1 1 3 1 1 3 3 3 3 1 1 1 1 3 1 1 1 3 1 3 1 1 3 3 1 3 
         2 0 0 2 0 2 0 2 3 1 0 0 1 3 1 3 3 0 0 3 0 2 2 2 2 1 2 0 2 0 0 0 2 3 
         1 3 0 3 3 2 0 1 0 3 0 2 0 2 2 1 0 3 1 0 1 3 2 1 2 0 3 3 1 1 2 3 3 0 
         2 0 1 0 0 0 0 2 2 2 2 2 2 0 0 2 0 2 2 0 0 2 1 0 3 0 2 2 0 2 2 0 2 2 
         2 0 1 2 2 2 2 0 1 2 2 0 1 1 3 0 1 0 0 3 0 0 1 0 3 3 2 2 2 2 0 2 0 3 
         1 1 0 3 3 0 0 1 0 0 2 0 0 2 2 2 2 3 3 0 3 1 0 3 0 2 3 1 3 3 2 1 3 2 
         1 1 0 3 1 2 2 3 1 3 0 2 3 1 1 3 3 1 3 1 3 1 2 1 0 3 1 3 1 3 0 3 3 3 
         1 3 3 3 1 2 0 3 1 0 2 2 3 3 1 2 1 3 3 3 1 1 1 3 3 3 3 1 1 1 0 3 1 1 
         2 2 2 0 0 0 0 2 0 3 0 0 0 0 0 3 0 2 0 2 2 0 2 0 0 2 2 0 2 2 2 2 0 0 
         1 3 2 1 3 2 0 3 3 2 2 0 1 1 1 0 3 1 3 1 3 3 0 1 0 1 3 3 3 1 0 1 1 1 
         2 2 0 2 0 0 0 0 1 0 2 2 3 1 3 0 3 2 0 3 2 2 2 2 0 1 0 2 0 2 0 0 0 1 
         3 3 1 1 3 3 3 1 0 2 1 3 2 0 0 2 2 3 1 0 1 3 3 3 1 2 3 1 3 1 1 1 1 2 
         3 1 2 1 3 3 1 1 0 1 3 3 2 2 0 3 0 1 1 2 3 3 0 1 2 2 1 3 3 3 1 1 3 0 
         0 0 3 2 2 1 1 0 1 2 1 1 1 1 1 2 1 0 2 3 0 2 3 2 1 3 0 2 0 0 3 0 2 1 
         3 1 3 3 1 3 1 1 2 3 3 1 0 0 0 1 2 3 1 0 1 1 1 3 1 0 1 1 1 3 1 3 3 0 
         0 0 1 0 2 1 1 2 0 1 3 3 2 0 2 1 2 0 2 2 0 0 3 0 1 0 2 0 2 0 1 2 2 0 

For the case n= 40 and m= 33 :
The saturated OA label: had.40.94 
A_idx:  13 14 20 1 4 23 16 12 18 33 2 24 9 31 25 21 22 36 39 30 11 35 26 32 6 15 3 10 28 29 37 27 38 ; B_idx:  19 8 34 7 8 34 34 8 34 17 5 34 34 17 7 34 34 34 34 7 19 34 17 17 34 34 5 19 7 19 34 17 34 .
64V(D) = 30.78788 ; F(D) = ( 0 0 0.005681818 0.05681818 0.2026515 0.7348485 ). 
The design D : 
         1 1 0 2 1 2 2 1 2 1 1 2 0 3 0 2 2 0 2 2 1 0 3 1 2 0 3 3 2 3 2 3 2 
         3 1 0 0 1 0 0 3 0 2 1 2 0 2 0 0 0 0 2 0 3 2 0 2 0 0 3 3 0 3 0 0 0 
         3 1 3 1 1 1 3 1 1 3 3 3 1 1 3 3 3 3 1 1 1 3 3 1 1 3 3 1 1 3 3 3 1 
         2 2 1 1 0 1 1 0 1 1 3 1 1 3 1 1 3 1 1 3 2 1 1 1 1 1 1 2 1 0 3 3 3 
         1 0 2 1 2 2 0 0 2 1 3 2 2 3 3 0 2 0 2 1 3 2 1 3 0 2 1 1 3 3 0 3 2 
         0 0 2 3 0 0 0 0 0 0 0 0 2 2 1 0 0 2 0 3 0 2 2 0 0 2 2 2 3 2 0 2 0 
         2 0 2 1 0 2 2 2 2 3 0 0 2 3 1 2 2 2 0 1 2 0 1 3 2 2 2 2 1 2 2 1 2 
         2 0 1 0 0 3 1 0 3 2 2 1 3 0 2 1 1 1 3 0 0 1 2 0 3 1 2 0 0 2 1 2 3 
         3 3 3 0 1 3 3 1 3 0 2 3 3 2 0 3 1 3 3 2 3 3 0 0 3 3 0 3 0 1 1 2 1 
         0 1 0 0 3 0 2 1 0 0 2 0 0 2 2 2 0 2 0 0 2 0 0 2 2 0 0 0 2 2 2 2 0 
         1 3 0 1 1 2 0 3 0 3 0 0 2 1 1 0 2 2 2 1 1 2 1 1 2 0 0 1 3 1 2 3 0 
         1 2 3 2 0 3 3 2 1 3 2 3 3 3 2 1 1 1 1 2 3 1 1 1 1 1 2 1 2 3 3 1 1 
         2 1 1 2 3 3 1 3 3 3 2 3 1 1 0 1 3 3 1 2 0 1 1 3 1 3 0 2 2 2 1 3 1 
         3 2 1 3 2 3 3 0 3 2 0 1 1 2 1 3 3 1 1 1 3 3 2 2 1 1 2 1 3 1 1 2 1 
         1 2 2 0 2 0 0 2 0 3 2 0 0 3 2 2 2 0 2 2 1 0 3 3 2 2 2 3 0 1 0 3 0 
         0 2 2 0 0 0 2 2 2 2 1 2 0 0 0 2 0 0 0 0 0 0 0 0 0 2 1 0 2 0 0 2 2 
         0 3 1 3 1 1 1 3 3 2 3 1 1 2 3 3 3 3 3 3 2 3 0 0 3 3 3 0 3 2 1 0 3 
         3 0 3 3 2 1 3 2 1 2 3 1 3 0 1 3 1 1 3 3 1 3 0 2 3 1 1 3 3 3 3 2 3 
         2 3 3 2 3 1 1 1 1 3 1 3 3 3 0 1 1 3 3 0 2 1 3 3 3 3 3 0 2 0 3 3 3 
         0 3 0 1 3 2 2 3 2 2 3 2 2 2 3 0 0 2 0 3 0 2 2 2 0 0 3 2 1 0 2 2 2 
         2 0 3 0 0 3 1 2 3 1 1 1 1 3 2 3 1 3 3 2 0 3 3 3 1 1 1 0 2 0 3 1 1 
         3 3 2 3 1 2 0 1 2 0 3 0 0 0 3 0 0 0 0 1 1 0 0 2 2 2 3 3 3 1 2 0 0 
         3 2 0 3 2 0 0 2 2 1 3 2 2 3 1 2 0 2 0 1 1 0 3 1 2 0 1 1 1 3 0 1 0 
         2 1 2 2 3 0 2 3 2 1 1 0 2 1 2 0 2 0 0 2 2 2 1 1 2 0 3 0 0 0 0 3 0 
         0 1 1 1 3 3 3 3 1 1 3 1 3 1 1 3 1 1 3 1 2 1 3 1 1 3 3 2 3 0 1 1 1 
         3 1 1 1 1 1 3 3 1 0 0 3 3 2 3 1 3 1 1 3 1 1 2 2 3 3 0 1 3 1 1 0 3 
         2 2 0 2 0 0 2 0 0 1 2 2 2 1 2 2 2 2 2 0 0 2 1 3 0 0 2 2 2 0 0 1 2 
         2 3 2 2 3 2 2 3 0 0 2 0 0 2 0 0 2 0 2 0 0 2 2 0 0 2 0 0 0 2 2 0 2 
         3 0 0 3 2 2 0 2 0 0 0 2 0 0 3 2 0 2 2 3 3 0 0 0 0 2 2 1 1 1 2 2 2 
         1 0 3 0 2 1 1 2 3 0 2 3 1 0 0 1 3 3 1 0 3 3 2 0 3 1 2 3 2 1 3 0 3 
         0 3 3 3 1 1 1 3 3 0 0 3 3 0 3 3 3 1 3 1 2 1 2 2 1 1 0 2 1 2 3 2 1 
         2 3 2 1 3 2 0 1 0 3 0 2 0 1 3 2 0 0 0 3 2 2 3 1 2 0 0 2 3 2 0 1 2 
         1 1 0 2 1 0 0 1 2 3 2 0 2 1 0 2 0 0 0 2 3 2 3 3 0 2 0 1 0 1 2 1 2 
         1 1 3 3 3 1 3 1 3 3 0 1 1 3 3 1 1 3 3 1 1 1 1 1 1 1 0 3 1 1 1 1 3 
         0 2 1 1 2 1 3 0 3 1 0 3 1 1 1 1 1 1 3 3 0 3 1 3 3 3 2 0 1 2 3 1 1 
         1 2 1 2 0 3 3 2 1 1 1 1 1 1 2 1 1 3 1 0 3 3 3 3 3 3 1 3 0 3 1 3 3 
         3 2 0 0 2 0 2 0 2 2 1 0 2 0 2 0 2 2 2 2 3 0 2 0 0 2 1 3 2 3 2 0 0 
         0 0 2 3 0 2 2 0 0 2 3 2 0 0 1 0 2 2 2 3 2 0 2 2 2 0 1 0 1 0 0 0 0 
         0 0 1 2 2 3 1 0 1 2 1 3 3 2 2 3 3 1 1 0 0 3 0 0 3 3 1 2 0 0 3 0 1 
         1 3 3 0 3 3 1 1 1 0 1 1 3 0 0 3 3 3 1 2 1 1 0 2 1 1 3 1 0 3 1 0 3 

For the case n= 40 and m= 32 :
The saturated OA label: had.40.94 
A_idx:  17 12 11 19 39 3 20 9 37 38 10 35 30 29 32 22 2 27 18 31 23 16 33 26 28 36 25 34 1 13 4 15 ; B_idx:  14 21 21 14 14 5 14 14 14 14 24 14 24 21 21 14 5 6 14 6 14 14 24 24 6 14 7 5 5 8 6 14 .
64V(D) = 27.03226 ; F(D) = ( 0 0 0.009072581 0.03931452 0.1834677 0.7681452 ). 
The design D : 
         2 1 1 2 2 3 0 0 2 2 3 0 3 3 1 2 1 3 2 3 2 2 1 3 3 0 0 1 3 1 1 0 
         0 2 2 2 2 3 0 0 0 0 3 2 1 2 2 0 1 0 0 2 0 0 3 1 0 0 0 1 1 3 0 0 
         2 1 1 2 0 3 2 0 2 0 1 2 1 3 1 2 3 2 0 0 0 2 3 3 0 2 3 3 1 3 0 2 
         3 0 2 1 1 1 1 1 3 3 2 1 2 0 0 3 3 2 1 2 1 1 0 0 0 1 1 3 1 2 0 1 
         2 0 2 2 2 1 2 2 0 2 1 2 1 2 2 2 3 2 2 2 2 0 1 1 2 0 3 1 1 0 2 2 
         0 0 0 0 0 2 2 2 0 0 2 2 2 2 0 0 0 2 0 2 0 0 0 2 2 2 1 0 2 0 0 2 
         2 3 3 0 0 2 2 2 2 2 2 0 0 3 3 2 0 1 2 3 2 2 2 0 1 2 1 0 0 2 1 2 
         0 0 0 0 2 2 0 2 0 2 0 0 0 2 0 0 2 3 2 1 2 0 2 2 1 0 2 2 0 2 1 0 
         1 1 3 3 3 0 3 3 1 1 3 3 3 1 1 1 2 3 3 3 3 3 1 1 1 3 0 2 0 3 1 3 
         0 1 3 0 0 0 0 0 2 0 0 0 0 3 3 0 2 3 0 3 0 2 0 0 3 2 2 0 0 1 3 0 
         3 2 0 3 3 0 1 3 3 1 0 3 0 0 0 3 0 3 1 1 3 1 2 0 3 3 1 0 0 1 1 1 
         3 2 2 3 1 2 3 3 3 1 1 1 3 2 0 1 2 0 1 2 3 3 3 1 2 1 2 2 2 0 0 1 
         2 2 0 0 0 0 0 0 0 0 3 0 3 2 2 2 2 2 2 0 2 0 3 1 2 2 0 2 2 3 2 2 
         1 1 3 3 1 2 1 1 1 1 0 3 0 1 3 3 0 2 3 2 3 3 2 2 2 1 1 2 2 2 2 1 
         3 3 1 3 3 2 3 1 1 1 2 1 2 1 3 3 2 3 1 3 1 1 2 2 1 1 2 0 0 0 3 3 
         1 3 1 1 1 1 3 1 1 3 1 1 1 1 1 1 1 2 3 0 1 3 3 1 2 1 0 1 1 0 0 3 
         1 3 3 1 3 3 1 1 1 3 0 3 2 3 1 3 3 1 3 3 1 1 2 0 3 3 3 3 3 1 1 3 
         0 3 1 2 2 1 2 2 2 2 2 2 2 3 3 0 3 3 0 1 0 2 2 0 3 0 1 3 3 2 3 0 
         3 0 2 1 3 3 3 3 3 3 1 1 1 0 2 1 1 3 1 3 1 1 3 3 3 3 0 3 3 3 3 3 
         1 2 0 1 1 3 1 3 3 3 3 3 3 0 2 1 3 2 3 2 3 3 3 3 0 3 3 1 1 1 2 1 
         2 3 1 0 2 1 2 0 2 0 0 2 2 1 3 0 1 0 2 2 2 0 0 2 2 2 2 3 1 2 0 0 
         1 0 0 3 1 3 3 1 3 1 2 1 0 0 2 1 3 1 3 1 3 1 0 0 3 1 3 1 3 3 1 3 
         3 3 1 3 1 1 1 3 1 1 1 1 1 3 1 1 3 1 3 3 1 1 1 3 1 3 1 1 3 2 3 1 
         2 2 2 0 0 3 2 2 0 0 0 2 2 0 0 2 1 3 2 1 0 2 0 0 1 0 2 1 3 3 3 0 
         2 3 3 0 2 3 0 2 0 0 2 0 0 1 1 0 3 0 0 0 2 2 0 2 2 0 1 3 1 1 2 2 
         0 2 0 2 0 0 0 2 0 2 1 0 3 0 2 2 0 1 0 3 0 2 1 3 3 0 3 2 0 3 1 2 
         3 1 1 1 3 2 1 3 1 3 3 3 1 1 3 3 2 0 1 0 1 3 1 1 2 3 2 0 2 2 0 1 
         1 2 0 1 3 0 3 1 3 3 0 3 0 2 0 3 2 0 1 2 3 3 0 2 0 1 0 0 2 3 2 3 
         0 3 3 2 2 2 0 0 2 2 1 0 3 1 1 0 0 2 0 0 2 0 1 1 0 2 3 0 2 2 2 2 
         0 2 2 2 0 2 2 0 2 2 3 2 1 0 0 2 2 1 2 1 0 0 1 3 3 2 0 2 0 0 3 0 
         1 3 3 1 3 0 3 3 3 1 3 1 1 3 3 3 0 2 3 0 1 1 1 3 0 1 3 2 2 1 0 1 
         3 1 3 1 1 0 3 1 1 3 3 3 3 3 1 1 0 1 1 1 3 1 3 3 3 1 3 0 0 3 3 1 
         2 1 3 2 0 0 0 2 2 2 0 2 2 1 3 0 2 0 2 0 0 0 2 2 0 0 0 0 2 1 0 2 
         2 0 0 2 2 0 2 0 0 2 2 0 0 0 0 0 0 0 2 2 0 2 2 0 0 2 3 2 2 1 2 0 
         3 0 0 1 3 2 1 1 3 1 1 3 3 2 2 1 0 1 3 1 1 3 1 1 1 1 1 2 0 0 3 3 
         3 2 2 3 1 1 1 1 1 3 2 3 0 2 2 1 1 3 1 1 3 3 0 2 1 3 2 3 3 0 1 3 
         1 0 2 3 3 1 1 3 3 1 2 1 2 2 0 3 1 0 3 0 1 3 2 2 2 3 2 1 1 2 2 3 
         0 0 2 0 2 1 2 0 0 0 1 0 3 0 2 2 3 1 0 1 2 2 3 3 1 2 1 1 3 0 1 0 
         0 1 1 0 0 1 0 2 2 0 3 2 1 1 1 2 1 1 0 3 2 0 3 1 1 0 2 3 3 0 3 2 
         1 1 1 3 1 3 3 3 1 3 0 1 2 3 3 3 1 0 1 0 3 1 0 0 0 3 0 3 1 1 2 1 

For the case n= 40 and m= 31 :
The saturated OA label: had.40.94 
A_idx:  19 29 27 16 17 24 23 18 31 6 32 28 36 3 15 30 35 39 34 26 33 12 4 14 22 13 2 10 11 20 25 ; B_idx:  1 8 38 1 1 1 1 1 38 1 9 21 1 5 1 38 1 1 21 38 9 7 5 37 1 5 5 9 21 1 38 .
64V(D) = 23.46667 ; F(D) = ( 0 0 0.007526882 0.01612903 0.2344086 0.7419355 ). 
The design D : 
         3 3 3 3 3 3 3 3 3 3 0 3 1 3 1 3 1 3 1 3 0 0 1 1 3 1 1 2 1 1 1 
         2 3 0 0 0 2 0 0 2 0 2 0 0 3 0 0 2 2 0 0 2 2 1 0 0 3 1 2 2 0 0 
         2 3 2 2 2 2 0 0 0 0 0 1 2 3 2 0 2 0 3 2 2 1 1 1 2 3 3 0 1 2 2 
         0 0 3 0 2 0 0 0 3 0 0 0 0 1 0 3 0 0 2 1 0 1 1 3 2 3 3 2 2 0 1 
         2 2 3 0 2 2 2 2 3 0 3 2 0 1 2 1 2 2 0 1 1 1 3 0 2 1 3 1 2 2 3 
         1 2 2 1 1 1 1 1 2 1 1 2 3 2 3 2 3 1 0 2 1 1 0 0 1 0 0 3 0 3 0 
         0 2 1 2 2 0 2 2 3 2 3 1 2 2 2 1 0 0 1 1 3 3 0 1 2 2 0 3 3 2 1 
         0 2 3 0 0 0 2 2 1 2 1 0 0 2 0 1 0 2 2 3 3 0 0 0 0 2 2 1 0 0 3 
         2 1 2 2 0 2 2 2 2 2 1 1 2 0 2 2 2 2 3 0 1 0 0 2 0 2 2 3 3 2 0 
         0 3 2 2 0 0 0 0 2 2 2 3 2 0 0 0 0 0 1 0 0 0 2 1 0 0 2 0 3 0 2 
         2 1 2 0 2 0 2 0 0 2 1 2 2 0 0 0 2 2 0 0 3 3 0 3 2 0 0 1 0 0 0 
         3 2 0 3 3 3 3 1 2 1 1 2 1 2 1 2 1 1 2 0 3 2 0 3 1 0 2 1 2 3 2 
         1 3 2 1 3 3 3 3 0 1 2 2 3 0 3 2 1 1 2 0 2 2 2 0 3 2 2 2 0 1 0 
         3 0 2 3 1 1 3 3 2 1 2 3 1 2 1 0 3 1 3 2 2 1 2 2 3 2 0 0 3 1 0 
         2 0 2 0 2 0 0 0 2 2 2 1 0 2 2 2 0 2 1 2 2 2 2 2 2 0 2 2 1 2 2 
         0 0 3 2 0 2 0 2 1 0 0 3 0 1 2 1 0 0 1 1 2 2 1 2 0 1 1 0 1 2 1 
         1 3 1 1 1 1 1 3 3 3 0 3 3 3 3 3 3 3 3 1 2 3 1 2 3 1 3 0 3 1 3 
         3 2 3 3 1 1 1 1 1 3 3 3 1 1 1 3 3 3 3 1 3 3 3 1 1 3 3 3 1 3 1 
         1 1 3 1 3 3 1 1 3 3 3 2 3 3 3 1 1 3 2 3 3 0 3 3 1 3 1 1 2 3 1 
         0 1 3 2 0 2 2 2 3 0 3 0 2 3 0 3 2 0 0 3 3 3 3 3 0 1 3 3 0 0 3 
         0 0 0 0 2 0 2 2 2 0 2 3 2 1 0 2 2 2 3 2 0 2 1 1 0 3 1 0 1 2 2 
         3 1 0 1 1 1 3 3 0 3 2 2 1 3 3 0 1 1 0 0 0 1 1 3 1 3 3 2 0 3 2 
         3 2 0 1 3 3 1 3 2 3 1 1 3 1 1 0 1 1 1 2 1 3 3 2 1 3 3 1 1 1 0 
         1 1 2 3 3 1 1 3 0 3 1 0 1 3 1 2 3 1 0 0 1 2 3 0 3 3 1 1 2 3 2 
         0 1 0 2 2 0 2 0 0 0 1 3 0 3 2 0 0 2 3 2 1 3 3 0 0 1 3 3 3 0 0 
         2 1 1 2 0 2 0 0 3 2 3 2 0 0 2 3 0 0 2 3 1 3 0 0 2 2 0 1 0 0 3 
         1 0 1 3 3 3 1 1 1 1 3 3 3 2 1 1 3 3 1 1 1 0 0 2 3 2 2 3 1 1 3 
         1 3 1 3 1 1 3 1 3 1 0 0 1 0 3 1 3 3 0 3 0 2 2 3 3 2 2 0 0 3 1 
         3 0 3 1 1 3 3 1 1 1 0 1 3 2 3 3 1 3 1 1 0 3 2 1 1 2 0 0 3 1 3 
         2 0 1 0 0 2 0 2 1 2 0 2 2 2 0 1 2 0 2 3 0 2 2 1 2 0 2 2 2 2 1 
         1 3 2 1 1 3 1 3 0 1 3 1 1 0 1 0 1 3 3 2 1 3 0 3 3 0 0 3 3 3 2 
         0 3 1 0 2 2 2 0 1 2 0 3 0 0 0 3 2 0 1 3 2 1 2 2 0 2 0 2 3 2 3 
         3 1 1 1 3 1 1 3 1 1 3 1 1 0 3 3 3 1 1 3 3 0 0 1 1 0 2 1 3 1 1 
         3 1 1 3 3 1 1 3 3 1 0 0 3 0 1 1 1 3 2 1 2 1 2 0 1 0 0 2 0 3 3 
         0 2 0 2 2 2 0 2 0 2 2 0 0 2 2 2 2 2 2 0 0 1 2 3 0 0 0 0 0 0 0 
         3 2 3 3 3 1 3 1 1 3 2 0 3 1 3 1 3 1 2 3 0 2 1 2 1 1 1 2 2 1 3 
         2 2 0 2 0 0 0 2 0 0 1 2 2 1 2 2 0 2 0 2 3 0 3 3 2 3 1 3 2 0 2 
         1 0 0 3 1 3 3 1 0 3 2 0 3 1 1 2 1 3 0 2 2 1 1 0 3 1 3 0 2 3 0 
         1 0 0 1 1 3 3 1 2 3 1 1 1 1 3 0 3 1 3 0 3 0 3 1 3 1 1 3 1 1 2 
         2 3 1 0 0 0 2 0 1 0 3 1 2 3 0 3 0 0 3 1 1 0 3 2 2 1 1 1 1 2 1 

For the case n= 40 and m= 30 :
The saturated OA label: had.40.94 
A_idx:  11 35 32 18 28 12 25 30 33 3 1 4 38 10 29 13 23 26 34 2 39 22 17 27 36 15 19 16 31 21 ; B_idx:  20 14 20 14 6 7 7 37 9 5 5 5 14 20 9 6 14 24 24 5 14 14 14 6 14 14 14 14 24 14 .
64V(D) = 20.67126 ; F(D) = ( 0 0 0.004597701 0.03218391 0.1528736 0.8103448 ). 
The design D : 
         0 0 0 2 3 0 0 3 0 3 3 1 2 2 2 1 2 3 1 1 2 2 2 3 0 0 2 2 3 2 
         2 2 2 0 0 2 0 0 2 3 1 1 0 2 2 2 0 1 1 1 2 0 0 0 0 0 2 0 3 0 
         1 2 1 0 0 1 3 1 2 3 1 1 0 1 2 2 0 3 3 3 0 2 2 2 2 2 2 2 1 2 
         2 1 0 1 0 1 1 3 0 1 1 1 3 2 0 2 1 0 2 3 1 3 3 2 1 1 1 1 2 1 
         3 2 3 2 2 1 3 0 1 1 1 3 2 1 3 0 2 1 1 3 2 2 2 2 0 2 2 0 3 0 
         1 2 1 0 2 1 1 2 1 2 2 0 0 3 3 0 0 2 0 0 0 0 0 2 2 2 0 0 2 0 
         3 0 3 2 1 3 1 1 3 2 0 0 2 3 3 3 2 0 0 0 0 2 2 1 2 2 0 2 2 2 
         0 0 0 2 1 0 2 0 3 2 0 0 2 0 3 3 2 2 2 2 2 0 0 3 0 0 0 0 0 0 
         3 3 1 3 1 0 0 2 1 0 0 0 1 3 1 3 3 1 3 2 3 1 1 3 3 3 3 3 3 3 
         2 0 2 0 3 0 2 1 0 0 0 2 0 0 2 1 0 0 0 2 0 0 0 3 2 0 0 2 2 2 
         0 3 0 1 3 3 1 1 3 0 0 0 1 0 1 1 3 0 0 0 3 3 3 3 3 1 3 1 0 1 
         3 1 1 1 2 2 2 3 3 2 2 0 1 1 3 0 3 1 3 2 1 1 3 0 1 1 3 3 3 1 
         0 0 2 2 2 2 0 2 2 0 2 2 0 2 2 2 2 1 3 2 0 2 2 2 2 2 0 0 1 0 
         2 3 2 3 2 1 1 0 2 2 2 2 1 0 0 2 3 2 2 0 1 3 1 2 1 1 3 3 2 3 
         1 1 3 1 1 2 2 2 2 2 0 2 1 3 0 1 1 2 0 2 3 3 3 3 1 3 3 1 2 3 
         1 1 1 3 2 2 0 0 2 1 1 1 3 1 0 0 1 1 1 1 1 1 1 2 1 3 1 3 1 3 
         2 3 0 3 3 3 3 2 2 3 3 1 3 0 2 1 1 0 2 3 3 3 1 1 3 3 1 1 2 3 
         1 2 3 0 3 3 1 3 3 1 3 3 2 3 3 3 0 0 2 3 2 0 0 3 0 0 2 2 0 2 
         3 1 3 1 3 0 0 1 3 3 3 3 3 1 1 3 1 3 3 1 3 1 3 3 3 3 1 1 3 1 
         0 3 2 3 0 3 3 3 3 3 1 3 3 2 1 0 3 3 1 3 1 1 1 2 3 1 1 3 3 1 
         1 2 3 2 2 2 2 3 0 1 1 1 0 1 0 2 2 2 2 1 2 0 2 0 2 0 0 0 2 2 
         1 1 3 3 3 1 3 1 0 3 3 1 1 3 0 3 3 0 0 3 1 1 1 1 1 3 3 1 0 1 
         0 1 0 3 1 3 1 0 1 1 3 3 1 0 3 3 1 3 1 3 1 1 3 1 3 1 3 1 3 3 
         3 2 1 2 1 2 2 2 1 3 3 3 0 1 1 3 0 0 0 1 0 2 2 3 0 0 0 2 0 0 
         2 0 0 0 2 3 1 0 1 3 1 3 0 2 1 0 2 2 2 3 2 0 2 0 0 2 0 2 0 2 
         0 0 2 0 3 3 3 2 1 0 0 0 2 0 1 3 0 3 3 0 0 2 0 1 0 2 2 2 3 0 
         0 3 2 1 2 0 2 0 1 2 2 0 3 2 1 2 1 1 1 2 3 3 3 0 3 1 1 3 1 3 
         1 3 1 1 0 2 0 1 0 0 2 2 3 1 2 2 3 2 0 2 3 3 1 0 1 3 1 3 2 1 
         2 0 0 0 0 3 3 3 0 2 2 2 2 0 0 2 2 1 1 0 2 0 0 2 2 2 2 0 1 2 
         3 2 1 2 3 2 0 1 0 2 0 2 2 3 0 1 0 3 3 2 0 2 0 1 2 0 2 0 1 0 
         3 1 3 3 0 3 3 1 1 0 2 0 1 3 3 0 1 3 3 0 3 3 1 2 1 1 1 1 1 3 
         3 3 1 1 3 1 3 2 2 0 0 2 3 3 2 3 3 3 1 0 1 1 3 1 1 1 1 1 1 3 
         2 2 2 2 0 0 0 3 3 0 2 0 2 0 1 0 0 2 0 2 0 0 2 0 0 2 2 0 0 2 
         1 0 1 2 0 1 3 0 2 0 2 2 2 3 0 0 0 0 2 0 2 0 2 0 2 0 2 2 2 0 
         0 3 2 3 1 1 1 3 0 2 0 2 1 0 2 1 1 1 3 0 3 1 3 1 1 3 1 3 1 1 
         2 3 2 1 1 2 2 0 0 1 3 1 3 2 2 1 3 2 2 1 1 1 3 3 3 3 3 3 0 1 
         2 1 0 3 2 0 2 3 3 1 1 3 1 2 3 2 1 2 0 1 3 3 1 0 3 3 3 3 0 1 
         3 0 3 0 1 1 1 2 2 1 3 1 0 1 0 1 2 3 1 3 2 2 0 1 2 0 0 2 1 0 
         0 2 0 0 1 0 2 1 3 1 3 3 0 2 1 1 2 1 3 1 0 2 0 1 0 2 0 0 3 2 
         1 1 3 1 0 0 0 2 1 3 1 3 3 1 3 0 3 0 2 1 1 3 1 0 3 1 3 1 0 3 

For the case n= 40 and m= 29 :
The saturated OA label: had.40.94 
A_idx:  24 13 11 1 29 3 18 27 21 22 26 35 37 38 30 12 2 34 14 4 28 25 19 33 31 16 32 20 23 ; B_idx:  10 39 36 5 36 5 10 6 10 10 5 10 10 10 17 9 5 36 15 5 39 8 10 17 39 10 17 10 10 .
64V(D) = 17.3399 ; F(D) = ( 0 0 0 0.02586207 0.1674877 0.8066502 ). 
The design D : 
         3 1 0 3 2 3 3 3 3 3 3 1 3 3 3 0 1 0 0 1 3 1 3 1 3 3 1 1 3 
         3 3 2 1 2 3 1 0 1 1 1 3 1 1 0 2 1 0 0 1 1 1 3 2 3 1 2 1 1 
         2 2 1 1 3 3 0 2 2 2 3 2 2 0 1 0 3 3 1 1 0 3 2 3 0 2 1 2 0 
         1 2 2 1 0 1 1 2 1 3 1 1 3 3 3 0 3 2 2 1 0 0 1 1 2 1 1 1 1 
         2 1 2 1 2 1 2 2 0 2 1 2 0 2 1 1 3 0 1 3 3 2 2 1 3 0 3 2 2 
         1 0 1 2 3 2 1 2 1 1 2 3 1 1 2 1 0 1 1 0 2 0 1 0 2 1 0 3 1 
         1 2 3 0 3 2 3 1 3 3 0 1 3 3 1 3 0 1 1 0 0 0 1 3 2 3 3 3 3 
         0 3 0 0 2 2 2 3 0 0 2 0 0 2 0 1 2 2 0 0 1 2 0 2 1 0 0 0 2 
         3 3 3 0 1 0 3 3 3 1 0 3 1 1 2 1 2 3 3 0 1 1 3 0 3 3 0 3 3 
         0 0 3 0 3 0 0 3 2 0 0 0 2 0 0 0 2 1 0 2 2 3 0 0 2 2 2 0 0 
         0 1 1 0 1 0 0 3 0 2 0 2 2 0 1 3 0 1 2 0 3 1 2 3 1 0 1 0 2 
         2 0 2 2 2 2 0 0 0 0 0 0 2 0 3 3 2 2 2 0 2 2 2 3 2 2 1 2 2 
         3 2 1 2 3 0 3 2 1 3 0 1 1 1 3 2 2 3 1 2 2 1 1 3 0 1 3 1 3 
         0 2 2 2 0 2 2 2 2 2 2 2 0 0 0 0 0 2 2 2 2 0 2 2 2 2 2 0 2 
         1 1 0 0 0 2 1 3 3 3 2 1 1 1 3 2 2 0 3 2 1 2 3 3 3 1 3 3 1 
         2 0 0 1 0 1 2 2 2 0 1 0 0 2 0 2 1 0 3 1 2 0 0 2 0 2 0 2 0 
         0 1 3 3 3 3 2 1 2 2 1 2 0 2 2 2 3 3 3 1 3 3 0 2 3 0 0 0 0 
         1 3 0 3 2 1 1 3 3 1 1 3 3 3 2 3 3 2 0 3 3 0 3 2 1 3 2 3 1 
         2 3 3 3 1 3 0 3 0 0 3 0 2 2 1 1 1 3 3 3 3 1 0 3 3 0 3 2 0 
         3 0 1 1 1 3 3 2 1 1 3 3 3 3 2 3 3 1 2 3 0 3 1 2 2 3 2 1 3 
         0 3 1 1 1 1 2 0 2 0 3 2 2 0 3 2 1 3 0 1 3 2 0 1 3 0 3 2 2 
         1 2 0 3 0 3 3 1 1 1 1 1 3 1 0 0 3 0 3 1 2 3 3 0 0 1 2 3 3 
         2 2 1 3 3 1 2 1 2 0 3 0 0 0 1 3 3 1 2 3 0 0 2 1 2 0 1 0 0 
         0 2 2 3 0 3 2 3 0 2 1 2 0 0 3 3 1 0 0 3 0 3 0 1 0 2 1 2 0 
         1 1 2 1 0 3 1 0 3 1 3 1 1 1 1 3 3 2 1 3 3 1 1 1 1 3 1 1 3 
         2 2 0 0 0 0 0 1 0 2 2 0 0 2 2 3 0 2 1 0 2 3 2 0 2 2 2 0 0 
         3 3 1 2 1 2 1 0 3 3 0 3 1 3 1 1 2 1 2 0 3 2 1 1 1 3 3 1 1 
         0 3 0 2 2 0 0 0 0 2 2 2 2 2 0 2 2 0 3 2 1 1 0 0 3 2 0 2 2 
         2 3 3 2 1 2 0 2 2 0 0 0 2 2 2 2 0 1 1 2 1 2 2 0 1 0 0 0 2 
         3 0 3 0 1 2 3 1 1 3 2 3 3 3 0 2 2 3 0 2 2 0 3 0 0 1 0 3 1 
         3 1 2 2 2 0 3 2 3 3 2 1 3 1 0 3 0 2 2 0 1 3 1 0 1 1 2 3 1 
         3 2 2 0 2 0 1 1 3 1 2 3 1 3 3 0 0 0 2 2 2 3 1 3 0 1 1 3 3 
         0 0 2 2 0 0 2 0 2 0 2 2 2 2 3 1 2 0 1 0 0 1 2 3 0 0 3 0 0 
         1 1 1 2 1 0 3 0 1 1 0 1 1 3 1 0 0 3 0 2 1 3 3 3 3 3 1 3 1 
         2 1 0 0 2 2 2 1 0 0 0 2 2 0 3 0 0 2 3 2 1 0 0 1 1 2 3 0 0 
         1 0 3 3 3 1 1 3 1 1 3 3 1 3 1 2 1 3 3 1 0 2 3 1 0 3 3 1 3 
         1 3 3 1 3 1 3 0 1 3 3 1 3 1 2 1 1 1 3 3 3 2 3 2 1 3 0 1 1 
         2 1 3 3 1 1 0 1 0 2 3 0 0 0 2 0 3 1 0 1 1 0 0 2 1 2 2 2 2 
         3 0 0 3 0 1 1 1 3 3 1 3 3 1 0 1 1 2 1 3 0 2 1 2 2 1 0 1 3 
         0 0 1 1 3 3 0 0 2 2 1 0 0 2 2 1 1 3 2 3 0 1 2 0 0 0 2 2 2 

For the case n= 40 and m= 28 :
The saturated OA label: had.40.94 
A_idx:  31 11 10 8 13 21 15 26 3 24 28 33 20 14 2 1 35 18 12 16 23 37 32 34 4 29 27 30 ; B_idx:  22 17 19 25 39 25 25 5 9 25 39 22 25 36 5 5 25 25 6 25 25 25 38 17 5 5 22 17 .
64V(D) = 15.32275 ; F(D) = ( 0 0 0 0.02248677 0.1494709 0.8280423 ). 
The design D : 
         3 1 3 2 1 2 0 3 2 2 3 1 0 0 1 3 0 2 1 2 2 2 1 1 1 3 3 3 
         2 2 3 2 3 0 0 1 2 2 1 2 0 0 1 1 2 0 2 0 0 0 2 0 1 3 0 0 
         1 1 1 3 2 3 3 3 2 3 0 3 3 1 3 1 3 1 0 3 1 3 0 3 1 3 3 1 
         3 3 2 0 2 0 0 1 0 0 0 1 0 2 3 1 0 0 0 0 0 2 1 3 1 1 3 3 
         3 3 1 1 1 1 3 1 1 3 3 1 3 0 3 1 3 3 0 1 3 1 3 1 3 3 3 1 
         2 0 2 0 0 0 2 2 3 0 2 0 2 1 0 2 2 0 0 0 0 0 0 0 0 2 2 2 
         3 3 2 0 2 2 2 0 3 0 0 3 2 1 0 0 0 2 3 2 2 2 3 1 0 2 1 1 
         0 0 0 1 3 1 1 2 3 1 1 2 1 0 2 0 1 3 1 1 3 1 1 2 0 2 2 0 
         2 2 3 2 3 2 2 0 1 2 1 0 2 3 2 0 2 2 1 2 2 0 0 2 0 0 2 2 
         2 2 0 3 0 3 1 0 0 1 2 0 1 1 2 0 1 1 1 3 1 3 2 0 2 2 2 0 
         1 1 1 2 1 0 0 0 1 0 3 3 0 3 0 0 2 0 3 0 2 2 0 1 0 0 3 1 
         2 3 1 1 0 1 1 0 3 3 2 2 3 2 2 2 1 1 2 3 3 3 0 3 0 2 0 3 
         1 1 2 2 2 0 2 0 0 2 2 3 0 1 2 2 0 2 2 0 2 0 2 3 2 2 3 3 
         3 2 1 0 2 2 0 2 2 0 2 3 0 2 0 2 2 2 0 2 2 0 2 2 2 0 3 0 
         3 1 3 1 1 3 3 2 2 1 1 3 3 2 2 0 1 1 3 1 1 1 2 1 2 0 3 3 
         0 0 0 0 0 2 2 1 0 2 2 2 2 2 1 1 0 2 2 2 0 0 1 0 1 1 2 0 
         3 2 0 3 1 3 3 1 2 1 3 3 1 3 3 3 3 3 3 1 1 1 1 2 1 3 1 2 
         0 0 3 0 3 2 0 1 1 0 3 2 2 0 3 3 2 0 3 2 0 2 3 2 3 3 2 2 
         2 3 0 2 3 0 2 3 3 2 3 2 2 3 1 3 0 0 1 0 0 2 3 3 3 1 2 1 
         2 0 2 3 0 1 1 3 3 3 0 2 1 3 3 1 3 3 2 3 3 3 3 0 3 1 2 2 
         2 1 0 1 3 3 1 3 0 1 3 0 3 1 1 1 3 3 2 1 3 3 2 3 1 1 0 3 
         0 0 3 3 2 1 3 1 2 1 2 0 3 2 3 3 1 3 1 1 3 3 2 0 1 1 0 0 
         2 1 1 0 2 2 0 3 1 2 0 0 0 3 3 3 0 2 3 0 0 0 0 1 3 3 0 1 
         1 3 0 3 2 1 1 1 3 1 0 1 3 0 1 3 3 3 3 3 1 1 0 1 3 1 3 3 
         0 3 2 2 1 2 2 3 3 0 3 0 0 0 3 1 0 0 2 2 2 0 0 3 3 1 0 1 
         3 0 1 3 2 1 3 2 1 3 2 1 1 0 0 0 1 1 3 3 1 1 3 2 0 0 1 2 
         1 1 2 1 3 3 1 0 3 3 3 1 1 3 2 2 3 1 0 3 1 1 3 1 0 0 1 1 
         3 0 0 2 3 0 2 2 0 0 1 1 2 2 2 2 2 0 2 2 2 2 1 0 2 2 1 0 
         0 2 1 1 3 3 3 0 2 3 1 0 1 1 0 2 1 1 2 1 3 3 1 0 2 0 2 2 
         1 2 3 0 0 0 0 2 2 2 2 1 2 1 2 0 2 2 3 0 0 2 1 2 2 0 1 0 
         1 2 2 3 1 3 1 2 1 3 1 1 3 2 0 2 1 3 2 1 1 3 2 2 0 2 3 0 
         0 3 2 3 2 3 1 2 0 3 2 2 3 2 0 0 3 1 1 1 3 1 1 1 2 2 0 3 
         0 3 1 2 0 2 2 2 1 0 0 2 0 0 2 2 2 2 0 0 0 2 3 1 0 0 0 3 
         2 1 3 3 1 1 1 0 0 1 1 2 3 1 0 2 1 3 0 3 1 1 1 3 2 0 0 1 
         0 1 0 0 1 0 2 0 2 2 1 0 0 2 0 0 2 2 1 2 0 2 2 3 2 2 0 3 
         0 3 3 1 0 1 3 3 0 1 0 0 1 3 1 3 3 1 3 3 3 1 3 3 1 3 2 1 
         1 2 3 1 3 1 3 3 1 1 3 3 1 3 1 1 1 3 0 3 1 3 0 0 3 3 1 2 
         1 2 0 0 1 0 0 3 0 2 1 3 2 1 3 3 0 0 1 2 2 0 2 0 1 1 1 2 
         3 0 2 1 0 3 3 1 1 3 0 3 1 0 1 3 3 1 1 1 3 3 0 2 3 1 1 0 
         1 0 1 2 0 2 0 1 3 0 0 1 2 3 1 1 0 0 0 0 2 0 3 2 3 3 1 2 

For the case n= 40 and m= 27 :
The saturated OA label: had.40.94 
A_idx:  16 37 7 18 29 34 11 27 1 3 19 26 21 10 30 13 31 4 14 25 12 2 8 17 22 32 28 ; B_idx:  33 33 33 33 36 6 15 20 5 20 33 35 33 15 23 6 9 5 9 5 35 24 33 33 33 38 38 .
64V(D) = 12.49003 ; F(D) = ( 0 0 0 0.01424501 0.1381766 0.8475783 ). 
The design D : 
         2 2 0 2 2 1 0 2 3 2 2 2 2 2 3 1 2 1 0 1 0 1 2 2 2 1 3 
         1 1 1 1 2 0 2 0 1 2 3 1 1 2 0 2 2 1 0 1 3 1 3 1 1 2 0 
         3 3 3 1 3 2 1 3 1 3 3 3 3 1 0 2 0 1 0 3 1 3 3 3 3 0 0 
         0 2 2 0 0 2 2 2 1 0 0 0 0 2 2 2 2 1 2 1 0 2 0 2 2 1 1 
         0 0 2 2 2 0 3 3 1 1 2 1 0 1 1 0 3 3 1 3 1 3 0 2 2 3 3 
         0 0 2 0 3 0 1 3 2 3 0 3 0 3 2 0 3 0 1 0 1 0 0 0 0 0 2 
         3 3 3 3 3 1 3 1 0 3 1 0 3 3 1 3 3 0 1 0 2 0 1 3 3 3 1 
         1 1 1 3 2 3 0 2 0 2 1 2 1 0 1 3 1 0 1 2 0 2 1 1 1 1 1 
         2 0 0 2 1 3 3 3 0 1 2 1 2 3 3 3 3 0 3 0 1 3 2 0 0 0 0 
         2 2 0 0 3 1 2 2 0 0 0 0 2 0 0 1 2 2 0 2 0 2 2 0 0 2 2 
         1 3 3 1 1 1 0 2 0 0 3 1 1 0 1 1 1 0 3 0 3 0 3 3 3 0 2 
         3 3 1 1 2 2 2 1 2 3 3 0 1 0 3 0 3 0 3 2 2 3 1 3 1 0 2 
         1 1 1 3 3 2 1 2 2 0 1 0 1 3 3 2 0 2 0 0 2 3 3 3 3 2 2 
         3 1 3 3 0 2 2 2 2 2 3 3 3 0 1 2 2 2 2 0 1 0 1 1 3 2 2 
         1 1 1 1 0 1 1 3 0 3 3 2 3 3 2 1 2 2 2 2 2 2 1 3 3 2 0 
         3 1 1 3 0 0 1 3 1 1 1 0 3 1 0 0 0 1 2 1 2 1 1 1 1 1 3 
         1 1 3 3 3 3 3 0 3 2 1 1 3 1 2 1 2 1 2 3 3 2 3 1 3 1 3 
         3 3 3 1 2 3 0 3 3 1 3 1 3 2 2 3 1 3 1 1 3 2 1 1 1 3 3 
         1 3 1 1 1 3 3 3 3 3 1 2 1 1 0 3 3 3 3 1 0 1 3 3 1 3 3 
         3 3 3 3 1 0 0 2 1 2 1 3 1 2 3 0 3 3 3 3 3 3 3 1 1 3 1 
         0 2 0 2 1 2 0 1 1 1 0 3 2 0 3 2 2 1 0 3 3 0 0 2 0 2 2 
         0 2 2 2 0 1 1 1 3 3 2 0 0 3 1 3 0 1 2 3 0 2 2 0 0 2 2 
         0 0 2 2 3 1 0 0 3 0 2 2 2 0 0 3 3 3 3 1 2 3 0 2 0 0 0 
         2 0 0 2 0 1 2 3 3 3 0 1 0 0 2 3 1 3 1 3 3 0 2 2 2 0 0 
         2 0 2 0 0 2 3 0 1 2 0 2 2 3 1 0 1 3 1 1 2 2 2 2 0 0 2 
         2 0 2 0 0 3 1 0 0 0 2 2 0 1 2 3 3 0 1 2 2 1 2 0 2 3 3 
         2 0 0 0 1 0 0 0 2 2 0 1 2 2 0 2 1 0 3 2 1 3 0 2 2 3 3 
         2 2 0 0 2 0 1 1 2 1 0 3 0 1 1 2 2 2 2 0 3 2 2 0 2 1 1 
         0 2 2 0 1 0 3 2 2 2 2 0 2 1 3 2 0 2 0 2 2 1 0 0 0 1 1 
         0 2 0 2 1 3 2 1 0 3 2 3 0 2 0 1 0 2 0 0 3 3 0 0 2 1 3 
         0 2 2 2 2 2 2 3 2 1 0 2 2 2 0 0 1 0 3 2 2 1 2 0 2 2 0 
         1 1 3 1 2 1 2 1 0 1 1 3 3 2 3 3 0 2 2 2 1 1 3 3 1 1 3 
         1 3 1 3 0 0 3 0 2 0 3 3 3 1 2 0 1 0 1 0 1 2 3 3 1 3 1 
         3 1 3 3 1 2 0 1 2 1 3 0 1 2 0 0 2 2 0 2 0 0 3 3 1 1 1 
         2 2 2 2 2 3 1 0 0 2 0 1 0 1 2 1 0 2 2 0 1 1 0 2 0 2 0 
         2 0 0 0 3 3 3 2 3 0 2 3 0 3 1 1 0 1 2 3 3 0 0 2 0 3 1 
         3 3 1 3 3 0 3 0 1 0 3 2 1 3 2 2 1 3 3 3 0 0 1 1 3 0 2 
         3 1 3 1 1 1 2 1 3 1 1 2 1 0 3 1 0 1 0 1 0 3 1 1 3 2 0 
         1 3 1 1 0 3 1 0 3 0 1 1 3 3 1 1 3 3 1 3 1 1 1 1 3 0 0 
         0 0 0 0 3 2 0 1 1 3 2 0 2 0 3 0 1 3 3 1 0 0 2 0 2 3 1 

For the case n= 40 and m= 26 :
The saturated OA label: had.40.94 
A_idx:  22 12 39 11 33 28 25 1 2 29 32 17 10 26 14 16 3 27 31 34 15 38 13 4 37 24 ; B_idx:  30 7 30 6 35 8 8 5 5 5 36 30 6 36 36 30 5 23 6 35 30 30 21 5 30 30 .
64V(D) = 11.02769 ; F(D) = ( 0 0 0 0.009230769 0.1353846 0.8553846 ). 
The design D : 
         3 0 3 1 0 3 1 3 1 3 0 3 3 2 0 3 3 3 3 0 1 3 1 1 3 3 
         0 2 2 2 3 1 1 1 1 3 2 0 2 0 0 0 3 0 2 1 0 0 2 1 0 2 
         2 1 0 0 3 1 3 1 3 3 1 2 0 3 1 2 3 2 0 3 2 0 3 1 2 2 
         3 1 1 2 0 0 0 1 3 1 0 3 2 0 2 1 1 2 2 2 1 3 2 1 3 1 
         2 1 2 2 1 2 2 1 3 3 2 2 0 0 0 0 1 3 2 1 2 2 0 3 0 2 
         1 1 1 0 1 2 0 2 0 2 1 1 2 3 1 1 2 2 2 1 3 1 0 0 1 1 
         2 3 0 3 2 0 0 0 0 2 3 2 3 1 1 2 2 1 3 0 2 2 3 0 2 0 
         0 0 2 1 2 0 2 0 2 2 0 0 1 2 0 0 2 3 1 2 0 2 2 0 0 0 
         1 0 3 3 1 1 1 0 2 0 1 1 3 1 3 3 0 3 3 3 3 1 3 0 1 3 
         0 0 0 3 0 3 3 0 2 2 3 0 1 1 1 2 0 2 3 0 0 0 1 2 2 0 
         2 3 2 1 3 3 1 0 0 0 1 2 1 1 3 0 0 3 1 1 0 0 0 0 2 0 
         1 2 1 2 2 2 2 2 2 2 0 3 0 0 2 3 2 1 2 2 1 1 0 0 3 3 
         3 2 1 0 2 3 1 2 2 2 3 3 2 1 1 1 0 3 0 2 3 1 2 2 1 3 
         2 1 0 2 3 2 0 2 0 0 2 0 0 2 2 2 2 3 2 3 0 0 3 2 0 0 
         3 2 3 1 2 0 2 0 2 0 2 3 3 2 2 1 2 2 3 0 3 1 1 2 1 1 
         0 2 0 0 2 2 0 1 1 1 0 0 0 0 2 2 1 2 0 0 2 2 1 1 0 2 
         3 3 3 3 3 3 3 3 3 3 1 1 1 1 3 1 3 0 3 3 3 3 1 1 1 1 
         1 3 3 1 3 2 0 3 3 3 2 1 3 0 0 3 1 2 1 3 1 3 3 3 3 1 
         0 0 2 3 2 3 1 3 1 1 3 2 1 3 3 0 3 2 3 2 2 2 2 3 2 2 
         1 3 1 0 3 1 3 1 3 1 3 1 2 3 3 3 3 3 2 1 1 3 0 3 3 3 
         1 2 3 0 1 2 2 1 1 1 3 3 0 3 1 1 1 1 2 3 1 1 3 1 3 1 
         0 1 0 1 0 3 3 3 3 1 2 0 3 0 2 0 3 1 1 0 2 0 2 1 2 0 
         0 3 0 1 0 0 0 3 3 3 1 2 1 3 3 0 1 0 3 0 0 0 3 3 0 2 
         3 2 1 3 1 1 3 3 1 1 0 3 1 0 0 3 3 2 1 1 1 1 2 3 1 1 
         0 3 2 2 0 3 1 1 3 1 0 2 2 2 0 2 3 1 0 2 2 0 1 3 0 0 
         3 3 1 1 0 3 3 0 0 0 2 1 1 2 0 3 0 0 3 2 3 3 2 0 1 3 
         2 0 2 0 1 2 2 2 2 0 3 2 2 1 3 2 2 0 0 1 0 2 3 0 0 2 
         2 2 2 0 1 1 1 2 2 2 0 0 0 2 2 2 0 1 2 1 2 2 2 2 2 0 
         1 3 3 2 0 0 2 2 0 0 1 1 0 1 1 1 2 3 0 0 3 3 3 2 3 3 
         2 2 0 3 1 2 0 0 2 0 1 0 3 3 1 0 2 0 1 3 0 2 0 2 2 2 
         2 3 2 2 0 1 3 2 0 2 2 0 2 2 2 0 0 2 0 2 0 0 1 0 2 2 
         1 1 1 3 3 3 3 0 0 2 0 3 3 2 2 1 0 1 1 1 1 3 3 2 1 3 
         1 0 1 2 3 1 1 2 2 0 2 3 0 2 0 1 0 0 0 1 3 3 1 0 3 1 
         0 1 2 0 2 1 3 2 0 0 1 2 2 1 1 2 0 0 2 2 0 2 0 2 0 0 
         1 1 3 1 1 0 0 0 0 2 2 3 1 0 2 3 2 0 1 3 3 1 0 2 3 3 
         0 2 0 3 1 0 2 3 1 3 3 2 3 3 3 2 1 3 1 3 2 2 0 1 0 0 
         3 0 3 2 2 2 2 1 1 3 1 1 2 3 3 3 1 0 0 0 3 1 2 3 3 1 
         3 1 3 3 2 0 0 3 3 1 3 1 1 3 1 3 1 1 1 0 1 1 0 1 1 3 
         2 0 0 1 3 0 2 3 1 1 0 0 3 0 0 0 1 1 3 3 2 0 1 3 2 2 
         3 0 1 0 0 1 1 1 1 3 3 1 0 1 3 1 3 1 0 2 1 3 1 3 1 1 

For the case n= 40 and m= 25 :
The saturated OA label: had.40.94 
A_idx:  28 18 38 4 27 36 35 9 21 14 32 13 19 3 1 2 37 33 30 25 34 11 31 10 12 ; B_idx:  17 29 29 6 6 29 26 29 29 22 16 22 29 5 5 5 29 5 24 8 22 24 20 20 22 .
64V(D) = 8.96 ; F(D) = ( 0 0 0 0.005 0.12 0.875 ). 
The design D : 
         3 3 3 1 3 1 1 1 3 1 1 1 3 3 3 1 3 1 3 1 1 1 2 2 1 
         0 1 1 0 0 1 2 1 1 0 2 2 3 3 1 1 1 3 1 1 0 3 2 2 2 
         1 1 1 0 2 3 3 1 3 1 1 3 3 3 1 3 3 3 1 3 3 1 1 1 1 
         1 0 2 0 2 0 0 0 0 3 0 3 0 1 1 3 2 1 2 0 3 2 2 2 1 
         3 3 3 2 2 1 2 3 1 1 2 1 3 1 1 3 1 1 1 2 1 3 3 1 1 
         2 1 1 0 2 3 3 3 1 0 0 0 1 2 2 0 1 0 2 0 0 0 3 3 0 
         1 3 3 1 1 3 0 3 3 1 3 3 1 2 0 0 3 2 0 0 1 2 3 3 3 
         0 3 3 1 3 1 1 3 1 0 0 2 1 2 0 2 1 2 0 2 2 0 0 0 0 
         0 2 0 1 3 2 2 2 2 2 1 2 2 0 0 2 0 0 3 1 2 3 3 3 0 
         2 1 1 3 3 3 0 1 3 0 3 0 1 0 0 2 3 0 0 3 0 2 2 0 0 
         3 0 0 1 3 2 2 2 0 3 0 1 2 0 0 0 2 2 0 1 1 0 0 0 3 
         3 1 1 0 0 1 0 3 1 2 1 0 3 2 2 2 3 2 3 2 2 3 3 1 2 
         3 3 1 2 2 3 0 1 1 1 2 3 1 0 2 2 1 2 3 1 3 1 0 2 3 
         2 2 0 2 2 0 3 0 2 3 3 3 2 2 2 0 0 2 0 0 3 2 2 0 1 
         1 0 0 3 3 0 1 0 2 3 2 1 2 2 0 2 0 2 2 2 1 0 3 3 3 
         2 2 2 0 2 0 0 0 2 2 1 0 0 1 1 1 0 3 1 0 0 1 1 1 2 
         2 3 3 1 1 3 2 1 3 3 0 1 1 3 3 3 1 3 2 3 3 2 2 0 3 
         2 1 3 3 3 1 2 3 3 0 3 2 3 1 3 3 3 3 2 0 2 0 1 3 2 
         3 0 2 3 3 2 1 2 0 2 2 2 0 3 3 1 2 3 1 1 2 3 3 1 0 
         0 2 2 2 2 2 3 2 0 2 3 0 0 3 1 3 2 3 3 3 0 1 2 2 2 
         3 2 0 0 0 2 3 0 2 0 2 2 0 1 1 1 2 1 2 2 2 0 3 1 2 
         2 2 0 1 1 0 0 0 0 2 2 2 2 3 3 3 2 1 0 3 0 0 1 3 0 
         1 3 1 3 1 3 1 3 3 2 0 2 3 1 3 3 1 1 1 0 0 1 2 0 2 
         1 2 0 3 3 0 2 2 0 1 1 3 0 3 3 1 0 1 2 3 1 2 1 1 3 
         3 0 0 2 0 0 1 2 2 0 1 0 0 3 1 3 0 1 0 1 2 2 0 2 2 
         2 0 2 1 1 0 1 2 0 1 3 3 2 0 0 0 0 0 3 3 3 1 2 0 3 
         3 0 2 0 0 2 2 2 2 3 3 3 0 2 2 2 0 0 1 2 1 1 0 2 1 
         0 1 3 2 0 1 3 1 1 3 1 3 1 0 2 2 3 0 0 1 1 0 3 1 3 
         0 0 2 2 2 2 0 0 2 0 0 2 2 2 2 0 2 0 3 2 0 3 0 0 2 
         2 2 2 3 1 2 3 0 0 1 0 1 2 2 0 2 2 0 1 0 3 3 1 3 3 
         0 3 1 0 2 1 1 3 3 3 2 1 1 0 2 0 3 0 1 3 3 3 1 3 3 
         3 1 3 3 1 1 3 1 3 2 0 2 1 0 0 0 1 2 3 3 0 3 1 3 0 
         1 2 2 0 0 0 3 2 2 0 2 0 2 0 2 2 2 2 2 1 0 2 0 0 0 
         1 2 2 2 0 2 0 0 0 0 1 0 2 0 2 0 0 2 0 3 2 0 3 3 0 
         1 3 1 3 1 1 2 1 1 2 3 0 1 2 0 0 3 0 3 0 2 1 0 0 0 
         1 1 3 1 3 3 3 1 1 2 3 0 3 1 3 1 1 1 0 2 2 2 0 2 2 
         2 3 1 2 0 3 1 3 1 3 1 3 3 1 1 1 3 3 2 2 1 2 0 2 1 
         0 0 0 1 1 2 1 0 0 1 3 1 0 1 3 3 0 3 3 0 1 3 1 1 1 
         0 0 0 3 1 0 2 2 2 1 0 1 0 1 3 1 2 3 1 2 3 1 2 2 1 
         0 1 3 2 0 3 0 3 3 3 2 1 3 3 1 1 1 1 2 1 3 0 1 1 1 

For the case n= 40 and m= 24 :
The saturated OA label: had.40.94 
A_idx:  19 7 2 13 32 12 33 4 27 21 22 30 11 1 26 25 10 17 31 3 28 34 9 29 ; B_idx:  14 14 8 18 39 36 18 6 24 14 14 15 16 5 5 5 15 14 5 5 5 15 14 36 .
64V(D) = 6.144928 ; F(D) = ( 0 0 0 0.001811594 0.08876812 0.9094203 ). 
The design D : 
         2 0 1 1 1 0 1 1 3 2 2 2 1 3 3 1 2 2 3 3 3 0 0 2 
         2 0 1 2 3 2 2 0 1 0 0 0 2 1 1 1 2 0 3 3 1 0 0 2 
         2 2 3 2 0 1 2 0 3 2 2 1 1 1 3 3 1 2 1 3 1 3 0 3 
         1 3 2 2 0 0 0 0 2 1 3 2 2 1 1 1 2 3 3 1 1 2 1 0 
         2 2 2 1 3 0 1 2 3 0 2 1 2 1 1 3 1 2 3 1 3 1 2 2 
         0 2 0 0 0 1 0 0 2 0 0 3 0 2 2 0 3 0 2 2 2 1 2 3 
         0 2 0 3 2 3 3 1 0 2 2 1 3 0 0 0 3 2 2 2 0 1 2 3 
         0 0 2 3 1 0 3 1 2 0 0 0 0 0 2 2 0 0 0 2 0 2 2 2 
         3 1 3 3 1 1 1 1 3 3 1 3 3 0 0 0 3 1 2 0 0 3 3 1 
         0 0 3 0 2 1 0 3 2 2 0 0 3 0 0 2 0 0 2 0 2 0 0 3 
         3 3 1 0 1 3 2 1 2 1 3 0 0 0 0 0 0 3 0 0 2 0 3 1 
         3 1 2 0 0 2 2 0 1 1 1 2 3 2 0 2 0 3 2 2 2 2 3 2 
         0 0 3 3 2 3 3 2 3 0 2 3 0 2 0 0 3 2 0 0 2 3 0 3 
         3 3 0 3 2 0 3 2 2 3 3 0 3 2 2 0 0 1 2 2 2 2 1 0 
         3 1 2 0 3 2 2 3 2 3 3 3 0 0 2 2 3 3 2 2 0 1 1 0 
         1 1 0 1 0 2 3 0 3 3 1 1 1 1 1 1 1 1 1 1 3 1 1 0 
         1 3 3 1 1 3 3 1 0 3 3 3 2 3 1 3 1 1 3 3 3 3 1 3 
         2 2 2 2 3 2 2 3 2 2 0 2 1 3 1 1 2 0 1 1 3 2 2 2 
         1 1 1 2 3 1 2 3 3 1 1 1 2 3 3 1 1 3 3 3 3 3 3 1 
         1 3 3 1 2 3 3 2 3 1 1 2 1 1 3 3 2 1 3 3 1 0 3 1 
         0 0 0 3 3 3 1 0 0 2 0 2 0 1 3 3 0 2 3 1 3 2 0 1 
         3 3 3 3 2 0 1 1 0 1 1 1 0 3 1 3 3 1 1 3 3 1 1 0 
         3 3 2 3 0 3 1 3 1 3 1 0 0 3 3 1 0 3 3 1 1 0 3 3 
         0 0 1 3 0 2 1 3 2 0 2 2 3 3 1 3 0 2 1 3 1 0 2 0 
         0 2 3 0 1 2 0 2 0 2 0 1 3 1 3 1 3 2 1 3 3 3 2 0 
         2 2 1 2 2 2 0 1 1 0 2 3 1 0 2 2 1 0 2 0 2 3 2 0 
         1 1 2 2 3 1 0 0 1 3 3 0 1 2 0 2 2 3 0 2 2 0 3 1 
         1 1 3 2 1 2 0 2 0 1 3 1 1 2 2 0 1 1 2 0 0 1 1 2 
         2 2 0 2 1 3 0 2 3 2 0 3 2 2 0 2 1 0 0 2 0 1 0 1 
         2 0 2 1 0 3 1 3 1 0 2 0 2 0 2 0 2 0 0 2 2 2 0 1 
         1 3 1 1 3 2 1 0 3 3 3 0 2 2 2 2 2 1 0 0 0 2 3 2 
         1 3 1 2 0 0 2 3 1 3 1 2 2 0 2 2 2 3 0 0 2 0 1 2 
         2 0 3 1 2 0 3 0 0 2 0 3 2 2 2 0 1 2 0 0 0 1 2 0 
         2 2 1 1 1 1 3 2 0 0 0 0 1 2 0 2 2 2 2 0 0 2 0 1 
         1 3 0 1 3 0 1 3 1 1 1 3 1 0 0 0 1 3 0 2 0 3 1 2 
         3 1 0 0 2 3 0 1 2 1 1 1 3 3 3 3 3 3 1 1 1 3 1 3 
         3 1 0 3 1 1 3 2 0 1 3 3 3 1 3 3 3 1 1 1 3 1 3 3 
         0 2 2 0 3 1 2 1 1 0 2 2 3 3 3 1 0 0 1 1 1 0 0 1 
         0 0 0 0 0 0 2 3 1 2 2 1 0 3 1 3 3 0 3 1 1 3 2 0 
         3 1 1 0 2 1 0 2 0 3 3 2 0 1 1 1 0 1 1 3 1 2 3 3