For the case n= 54 and m= 24 :
A_idx:  1 2 3 4 5 6 8 9 10 11 12 13 14 15 16 17 18 19 20 21 22 23 24 25 ; B_idx:  7 7 7 7 7 7 7 7 7 7 7 7 7 7 7 7 7 7 7 7 7 7 7 7 .
The number of empty cells :  828 ;  Variance :  0.6521739 ;
The pattern frequency: ( 0.01086957 0.01086957 0.1304348 0.1304348 0.7173913 ). 
The design D : 
         0 0 0 0 0 0 0 0 0 0 0 0 0 0 0 0 0 0 0 0 0 0 0 0 
         1 4 7 4 4 4 1 1 1 1 1 1 4 7 4 4 4 4 7 4 7 7 7 7 
         2 8 5 8 8 8 2 2 2 2 2 2 8 5 8 8 8 8 5 8 5 5 5 5 
         0 0 0 0 0 0 3 6 3 3 3 3 3 6 3 3 3 3 3 6 3 3 3 3 
         1 4 7 4 4 4 4 7 4 4 4 4 7 4 7 7 7 7 1 1 1 1 1 1 
         2 8 5 8 8 8 5 8 5 5 5 5 2 2 2 2 2 2 8 5 8 8 8 8 
         0 0 0 0 0 0 6 3 6 6 6 6 6 3 6 6 6 6 6 3 6 6 6 6 
         1 4 7 4 4 4 7 4 7 7 7 7 1 1 1 1 1 1 4 7 4 4 4 4 
         2 8 5 8 8 8 8 5 8 8 8 8 5 8 5 5 5 5 2 2 2 2 2 2 
         5 2 5 5 5 2 2 5 5 5 2 8 2 5 5 5 2 8 2 5 5 5 2 8 
         3 3 0 6 6 3 0 3 3 3 0 6 3 0 6 6 3 0 6 6 0 0 6 3 
         4 7 7 1 1 7 1 4 4 4 1 7 7 7 1 1 7 4 4 1 7 7 4 1 
         5 2 5 5 5 2 5 2 8 8 5 2 5 2 8 8 5 2 5 2 8 8 5 2 
         3 3 0 6 6 3 3 0 6 6 3 0 6 6 0 0 6 3 0 3 3 3 0 6 
         4 7 7 1 1 7 4 1 7 7 4 1 1 4 4 4 1 7 7 7 1 1 7 4 
         5 2 5 5 5 2 8 8 2 2 8 5 8 8 2 2 8 5 8 8 2 2 8 5 
         3 3 0 6 6 3 6 6 0 0 6 3 0 3 3 3 0 6 3 0 6 6 3 0 
         4 7 7 1 1 7 7 7 1 1 7 4 4 1 7 7 4 1 1 4 4 4 1 7 
         6 0 6 6 3 6 0 6 6 3 6 0 0 6 6 3 6 0 0 6 6 3 6 0 
         7 4 4 1 7 1 1 7 7 4 7 1 4 4 1 7 1 4 7 1 4 1 4 7 
         8 8 2 5 2 5 2 8 8 5 8 2 8 2 5 2 5 8 5 5 2 8 2 5 
         6 0 6 6 3 6 3 3 0 6 0 3 3 3 0 6 0 3 3 3 0 6 0 3 
         7 4 4 1 7 1 4 4 1 7 1 4 7 1 4 1 4 7 1 7 7 4 7 1 
         8 8 2 5 2 5 5 5 2 8 2 5 2 8 8 5 8 2 8 2 5 2 5 8 
         6 0 6 6 3 6 6 0 3 0 3 6 6 0 3 0 3 6 6 0 3 0 3 6 
         7 4 4 1 7 1 7 1 4 1 4 7 1 7 7 4 7 1 4 4 1 7 1 4 
         8 8 2 5 2 5 8 2 5 2 5 8 5 5 2 8 2 5 2 8 8 5 8 2 
         1 1 4 7 1 4 1 4 7 1 4 4 1 4 7 1 4 4 1 4 7 1 4 4 
         2 5 2 2 5 8 2 5 8 2 5 5 5 2 2 5 8 8 8 8 5 8 2 2 
         0 6 6 3 6 0 0 3 6 0 3 3 6 6 3 6 0 0 3 0 0 3 6 6 
         1 1 4 7 1 4 4 1 1 4 7 7 4 1 1 4 7 7 4 1 1 4 7 7 
         2 5 2 2 5 8 5 2 2 5 8 8 8 8 5 8 2 2 2 5 8 2 5 5 
         0 6 6 3 6 0 3 0 0 3 6 6 0 3 6 0 3 3 6 6 3 6 0 0 
         1 1 4 7 1 4 7 7 4 7 1 1 7 7 4 7 1 1 7 7 4 7 1 1 
         2 5 2 2 5 8 8 8 5 8 2 2 2 5 8 2 5 5 5 2 2 5 8 8 
         0 6 6 3 6 0 6 6 3 6 0 0 3 0 0 3 6 6 0 3 6 0 3 3 
         5 2 8 2 8 5 2 8 2 8 5 8 2 8 2 8 5 8 2 8 2 8 5 8 
         3 3 3 3 0 6 0 6 0 6 3 6 3 3 3 0 6 0 6 0 6 3 0 3 
         4 7 1 7 4 1 1 7 1 7 4 7 7 1 7 4 1 4 4 4 4 1 7 1 
         5 2 8 2 8 5 5 5 5 2 8 2 5 5 5 2 8 2 5 5 5 2 8 2 
         3 3 3 3 0 6 3 3 3 0 6 0 6 0 6 3 0 3 0 6 0 6 3 6 
         4 7 1 7 4 1 4 4 4 1 7 1 1 7 1 7 4 7 7 1 7 4 1 4 
         5 2 8 2 8 5 8 2 8 5 2 5 8 2 8 5 2 5 8 2 8 5 2 5 
         3 3 3 3 0 6 6 0 6 3 0 3 0 6 0 6 3 6 3 3 3 0 6 0 
         4 7 1 7 4 1 7 1 7 4 1 4 4 4 4 1 7 1 1 7 1 7 4 7 
         7 1 1 4 7 7 1 1 4 7 7 4 1 1 4 7 7 4 1 1 4 7 7 4 
         8 5 8 8 2 2 2 2 5 8 8 5 5 8 8 2 2 8 8 5 2 5 5 2 
         6 6 3 0 3 3 0 0 3 6 6 3 6 3 0 3 3 0 3 6 6 0 0 6 
         7 1 1 4 7 7 4 7 7 1 1 7 4 7 7 1 1 7 4 7 7 1 1 7 
         8 5 8 8 2 2 5 8 8 2 2 8 8 5 2 5 5 2 2 2 5 8 8 5 
         6 6 3 0 3 3 3 6 6 0 0 6 0 0 3 6 6 3 6 3 0 3 3 0 
         7 1 1 4 7 7 7 4 1 4 4 1 7 4 1 4 4 1 7 4 1 4 4 1 
         8 5 8 8 2 2 8 5 2 5 5 2 2 2 5 8 8 5 5 8 8 2 2 8 
         6 6 3 0 3 3 6 3 0 3 3 0 3 6 6 0 0 6 0 0 3 6 6 3 

For the case n= 54 and m= 23 :
A_idx:  1 2 3 5 6 7 8 9 10 11 12 13 14 15 16 17 18 19 20 21 23 24 25 ; B_idx:  22 4 22 4 4 4 4 4 22 4 4 4 22 4 22 4 4 4 22 4 22 22 22 .
The number of empty cells :  720 ;  Variance :  0.6007905 ;
The pattern frequency: ( 0.01185771 0 0.1343874 0.1185771 0.7351779 ). 
The design D : 
         0 0 0 0 0 0 0 0 0 0 0 0 0 0 0 0 0 0 0 0 0 0 0 
         2 4 8 4 4 4 1 1 2 1 1 1 5 7 5 4 4 4 8 4 8 8 8 
         1 8 4 8 8 8 2 2 1 2 2 2 7 5 7 8 8 8 4 8 4 4 4 
         1 0 1 0 0 0 3 6 4 3 3 3 4 6 4 3 3 3 4 6 4 4 4 
         0 4 6 4 4 4 4 7 3 4 4 4 6 4 6 7 7 7 0 1 0 0 0 
         2 8 5 8 8 8 5 8 5 5 5 5 2 2 2 2 2 2 8 5 8 8 8 
         2 0 2 0 0 0 6 3 8 6 6 6 8 3 8 6 6 6 8 3 8 8 8 
         1 4 7 4 4 4 7 4 7 7 7 7 1 1 1 1 1 1 4 7 4 4 4 
         0 8 3 8 8 8 8 5 6 8 8 8 3 8 3 5 5 5 0 2 0 0 0 
         4 1 4 4 1 7 1 4 4 4 1 7 1 4 4 4 1 7 1 4 4 1 7 
         3 5 0 8 5 2 2 5 3 5 2 8 3 2 6 8 5 2 6 8 0 6 3 
         5 6 8 0 6 3 0 3 5 3 0 6 8 6 2 0 6 3 5 0 8 5 2 
         5 1 5 4 1 7 4 1 8 7 4 1 5 1 8 7 4 1 5 1 8 5 2 
         4 5 1 8 5 2 5 2 7 8 5 2 7 8 1 2 8 5 1 5 4 1 7 
         3 6 6 0 6 3 3 0 6 6 3 0 0 3 3 3 0 6 6 6 0 6 3 
         3 1 3 4 1 7 7 7 0 1 7 4 6 7 0 1 7 4 6 7 0 6 3 
         5 5 2 8 5 2 8 8 2 2 8 5 2 5 5 5 2 8 5 2 8 5 2 
         4 6 7 0 6 3 6 6 1 0 6 3 4 0 7 6 3 0 1 3 4 1 7 
         8 2 8 5 8 2 2 8 8 5 8 2 2 8 8 5 8 2 2 8 5 8 2 
         7 3 4 6 0 3 0 6 7 3 6 0 4 3 1 6 0 3 7 0 1 4 7 
         6 7 0 1 4 7 1 7 6 4 7 1 6 1 3 1 4 7 3 4 6 0 3 
         6 2 6 5 8 2 5 5 0 8 2 5 3 5 0 8 2 5 3 5 6 0 3 
         8 3 5 6 0 3 3 3 2 6 0 3 8 0 5 0 3 6 2 6 5 8 2 
         7 7 1 1 4 7 4 4 1 7 1 4 1 7 7 4 7 1 7 1 1 4 7 
         7 2 7 5 8 2 8 2 4 2 5 8 7 2 4 2 5 8 7 2 1 4 7 
         6 3 3 6 0 3 6 0 3 0 3 6 0 6 6 3 6 0 3 3 6 0 3 
         8 7 2 1 4 7 7 1 5 1 4 7 5 4 2 7 1 4 2 7 5 8 2 
         2 2 5 2 5 5 2 5 8 2 5 5 2 5 8 2 5 5 2 5 2 5 5 
         1 3 1 3 6 6 0 3 7 0 3 3 4 0 1 3 6 6 7 6 7 1 1 
         0 7 6 7 1 1 1 4 6 1 4 4 6 7 3 7 1 1 3 1 3 6 6 
         0 2 3 2 5 5 5 2 0 5 8 8 3 2 0 5 8 8 3 2 3 6 6 
         2 3 2 3 6 6 3 0 2 3 6 6 8 6 5 6 0 0 2 3 2 5 5 
         1 7 7 7 1 1 4 1 1 4 7 7 1 4 7 1 4 4 7 7 7 1 1 
         1 2 4 2 5 5 8 8 4 8 2 2 7 8 4 8 2 2 7 8 7 1 1 
         0 3 0 3 6 6 6 6 3 6 0 0 0 3 6 0 3 3 3 0 3 6 6 
         2 7 8 7 1 1 7 7 5 7 1 1 5 1 2 4 7 7 2 4 2 5 5 
         3 0 6 6 3 6 0 6 0 6 3 6 0 6 0 6 3 6 0 6 6 3 6 
         5 4 5 1 7 1 1 7 2 7 4 7 5 4 5 1 7 1 8 1 5 2 5 
         4 8 1 5 2 5 2 8 1 8 5 8 7 2 7 5 2 5 4 5 1 7 1 
         4 0 7 6 3 6 3 3 4 0 6 0 4 3 4 0 6 0 4 3 1 7 1 
         3 4 3 1 7 1 4 4 3 1 7 1 6 1 6 4 1 4 0 7 6 3 6 
         5 8 2 5 2 5 5 5 5 2 8 2 2 8 2 8 5 8 8 2 5 2 5 
         5 0 8 6 3 6 6 0 8 3 0 3 8 0 8 3 0 3 8 0 5 2 5 
         4 4 4 1 7 1 7 1 7 4 1 4 1 7 1 7 4 7 4 4 1 7 1 
         3 8 0 5 2 5 8 2 6 5 2 5 3 5 3 2 8 2 0 8 6 3 6 
         7 1 1 7 7 4 1 1 4 7 7 4 1 1 4 7 7 4 1 1 7 7 4 
         6 5 6 2 2 8 2 2 3 8 8 5 3 8 6 2 2 8 6 5 3 3 0 
         8 6 5 3 3 0 0 0 5 6 6 3 8 3 2 3 3 0 5 6 2 2 8 
         8 1 2 7 7 4 4 7 8 1 1 7 5 7 8 1 1 7 5 7 2 2 8 
         7 5 7 2 2 8 5 8 7 2 2 8 7 5 1 5 5 2 1 2 7 7 4 
         6 6 3 3 3 0 3 6 6 0 0 6 0 0 3 6 6 3 6 3 3 3 0 
         6 1 0 7 7 4 7 4 0 4 4 1 6 4 0 4 4 1 6 4 3 3 0 
         8 5 8 2 2 8 8 5 2 5 5 2 2 2 5 8 8 5 5 8 2 2 8 
         7 6 4 3 3 0 6 3 1 3 3 0 4 6 7 0 0 6 1 0 7 7 4 

For the case n= 54 and m= 22 :
A_idx:  1 3 4 5 6 7 8 9 10 11 12 13 14 15 17 18 19 20 22 23 24 25 ; B_idx:  21 2 2 2 2 2 16 21 16 21 21 21 16 21 16 16 16 21 16 21 21 21 .
The number of empty cells :  873 ;  Variance :  0.5194805 ;
The pattern frequency: ( 0.01298701 0.006493506 0.1753247 0.01948052 0.7857143 ). 
The design D : 
         0 0 0 0 0 0 0 0 0 0 0 0 0 0 0 0 0 0 0 0 0 0 
         1 7 4 4 4 4 1 1 1 1 1 1 4 7 4 4 4 7 7 7 7 7 
         2 5 8 8 8 8 2 2 2 2 2 2 8 5 8 8 8 5 5 5 5 5 
         2 0 0 0 0 0 4 8 4 5 5 5 4 8 4 4 4 5 4 5 5 5 
         0 7 4 4 4 4 5 6 5 3 3 3 8 3 8 8 8 0 2 0 0 0 
         1 5 8 8 8 8 3 7 3 4 4 4 0 1 0 0 0 7 6 7 7 7 
         1 0 0 0 0 0 8 4 8 7 7 7 8 4 8 8 8 7 8 7 7 7 
         2 7 4 4 4 4 6 5 6 8 8 8 0 2 0 0 0 5 3 5 5 5 
         0 5 8 8 8 8 7 3 7 6 6 6 4 6 4 4 4 0 1 0 0 0 
         4 3 3 3 0 6 1 4 4 4 1 7 1 4 4 1 7 1 4 4 1 7 
         5 1 7 7 4 1 2 5 5 5 2 8 5 2 8 5 2 8 2 2 8 5 
         3 8 2 2 8 5 0 3 3 3 0 6 6 6 0 6 3 3 6 6 3 0 
         3 3 3 3 0 6 5 0 8 6 3 0 5 0 8 5 2 3 8 6 3 0 
         4 1 7 7 4 1 3 1 6 7 4 1 6 7 0 6 3 1 3 4 1 7 
         5 8 2 2 8 5 4 2 7 8 5 2 1 5 4 1 7 8 1 2 8 5 
         5 3 3 3 0 6 6 8 0 2 8 5 6 8 0 6 3 8 0 2 8 5 
         3 1 7 7 4 1 7 6 1 0 6 3 1 3 4 1 7 3 7 6 3 0 
         4 8 2 2 8 5 8 7 2 1 7 4 5 1 8 5 2 1 5 4 1 7 
         8 6 6 3 6 0 2 8 8 5 8 2 2 8 5 8 2 2 8 5 8 2 
         6 4 1 7 1 4 0 6 6 3 6 0 3 3 6 0 3 6 3 0 3 6 
         7 2 5 2 5 8 1 7 7 4 7 1 7 1 1 4 7 4 1 7 1 4 
         7 6 6 3 6 0 3 4 0 7 1 4 3 4 6 0 3 4 0 7 1 4 
         8 4 1 7 1 4 4 5 1 8 2 5 7 2 1 4 7 2 7 5 8 2 
         6 2 5 2 5 8 5 3 2 6 0 3 2 6 5 8 2 6 5 0 3 6 
         6 6 6 3 6 0 7 0 4 0 3 6 7 0 1 4 7 6 4 0 3 6 
         7 4 1 7 1 4 8 1 5 1 4 7 2 7 5 8 2 4 2 7 1 4 
         8 2 5 2 5 8 6 2 3 2 5 8 3 5 6 0 3 2 6 5 8 2 
         1 3 6 0 3 3 2 4 8 1 4 4 2 4 2 5 5 1 8 1 4 4 
         2 1 1 4 7 7 0 5 6 2 5 5 3 2 3 6 6 8 3 8 2 2 
         0 8 5 8 2 2 1 3 7 0 3 3 7 6 7 1 1 3 1 3 6 6 
         0 3 6 0 3 3 3 0 0 3 6 6 3 0 3 6 6 3 0 3 6 6 
         1 1 1 4 7 7 4 1 1 4 7 7 7 7 7 1 1 1 7 1 4 4 
         2 8 5 8 2 2 5 2 2 5 8 8 2 5 2 5 5 8 5 8 2 2 
         2 3 6 0 3 3 7 8 4 8 2 2 7 8 7 1 1 8 4 8 2 2 
         0 1 1 4 7 7 8 6 5 6 0 0 2 3 2 5 5 3 2 3 6 6 
         1 8 5 8 2 2 6 7 3 7 1 1 3 1 3 6 6 1 6 1 4 4 
         5 6 0 6 3 6 0 8 0 8 5 8 0 8 6 3 6 2 0 8 5 8 
         3 4 4 1 7 1 1 6 1 6 3 6 4 3 1 7 1 6 7 3 0 3 
         4 2 8 5 2 5 2 7 2 7 4 7 8 1 5 2 5 4 5 1 7 1 
         4 6 0 6 3 6 4 4 4 1 7 1 4 4 1 7 1 4 4 1 7 1 
         5 4 4 1 7 1 5 5 5 2 8 2 8 2 5 2 5 2 2 8 5 8 
         3 2 8 5 2 5 3 3 3 0 6 0 0 6 6 3 6 6 6 3 0 3 
         3 6 0 6 3 6 8 0 8 3 0 3 8 0 5 2 5 6 8 3 0 3 
         4 4 4 1 7 1 6 1 6 4 1 4 0 7 6 3 6 4 3 1 7 1 
         5 2 8 5 2 5 7 2 7 5 2 5 4 5 1 7 1 2 1 8 5 8 
         6 0 3 6 6 3 1 0 4 6 6 3 1 0 7 7 4 0 4 6 6 3 
         7 7 7 1 1 7 2 1 5 7 7 4 5 7 2 2 8 7 2 4 4 1 
         8 5 2 5 5 2 0 2 3 8 8 5 6 5 3 3 0 5 6 2 2 8 
         8 0 3 6 6 3 5 8 8 2 2 8 5 8 2 2 8 5 8 2 2 8 
         6 7 7 1 1 7 3 6 6 0 0 6 6 3 3 3 0 0 3 6 6 3 
         7 5 2 5 5 2 4 7 7 1 1 7 1 1 7 7 4 7 1 4 4 1 
         7 0 3 6 6 3 6 4 0 4 4 1 6 4 3 3 0 7 0 4 4 1 
         8 7 7 1 1 7 7 5 1 5 5 2 1 2 7 7 4 5 7 2 2 8 
         6 5 2 5 5 2 8 3 2 3 3 0 5 6 2 2 8 0 5 6 6 3 

For the case n= 54 and m= 21 :
A_idx:  2 3 4 5 6 7 8 9 10 11 12 14 15 16 17 18 20 21 22 23 25 ; B_idx:  19 24 24 24 13 24 13 13 13 13 13 19 19 19 19 19 24 24 24 24 19 .
The number of empty cells :  612 ;  Variance :  0.4571429 ;
The pattern frequency: ( 0.004761905 0 0.152381 0.05714286 0.7857143 ). 
The design D : 
         0 0 0 0 0 0 0 0 0 0 0 0 0 0 0 0 0 0 0 0 0 
         4 8 5 5 3 5 0 0 0 0 0 4 7 4 4 4 8 5 8 8 7 
         8 4 7 7 6 7 0 0 0 0 0 8 5 8 8 8 4 7 4 4 5 
         1 1 1 1 1 1 4 7 4 4 4 4 7 4 4 4 4 7 4 4 4 
         5 6 3 3 4 3 4 7 4 4 4 8 5 8 8 8 0 0 0 0 2 
         6 5 8 8 7 8 4 7 4 4 4 0 0 0 0 0 8 5 8 8 6 
         2 2 2 2 2 2 8 5 8 8 8 8 5 8 8 8 8 5 8 8 8 
         3 7 4 4 5 4 8 5 8 8 8 0 0 0 0 0 4 7 4 4 3 
         7 3 6 6 8 6 8 5 8 8 8 4 7 4 4 4 0 0 0 0 1 
         2 3 3 3 2 6 2 5 5 5 2 2 5 5 5 2 0 3 3 3 8 
         3 2 8 8 5 2 2 5 5 5 2 3 0 6 6 3 8 8 2 2 3 
         7 7 1 1 8 4 2 5 5 5 2 7 7 1 1 7 4 1 7 7 1 
         0 4 4 4 0 7 3 0 6 6 3 3 0 6 6 3 4 1 7 7 0 
         4 0 6 6 3 0 3 0 6 6 3 7 7 1 1 7 0 3 3 3 7 
         8 8 2 2 6 5 3 0 6 6 3 2 5 5 5 2 8 8 2 2 5 
         1 5 5 5 1 8 7 7 1 1 7 7 7 1 1 7 8 8 2 2 4 
         5 1 7 7 4 1 7 7 1 1 7 2 5 5 5 2 4 1 7 7 2 
         6 6 0 0 7 3 7 7 1 1 7 3 0 6 6 3 0 3 3 3 6 
         0 8 8 5 6 2 0 6 6 3 6 0 6 6 3 6 2 8 8 5 0 
         4 4 1 7 0 4 0 6 6 3 6 4 4 1 7 1 7 1 4 1 7 
         8 0 3 0 3 6 0 6 6 3 6 8 2 5 2 5 3 3 0 6 5 
         1 6 6 3 7 0 4 4 1 7 1 4 4 1 7 1 3 3 0 6 4 
         5 5 2 8 1 5 4 4 1 7 1 8 2 5 2 5 2 8 8 5 2 
         6 1 4 1 4 7 4 4 1 7 1 0 6 6 3 6 7 1 4 1 6 
         2 7 7 4 8 1 8 2 5 2 5 8 2 5 2 5 7 1 4 1 8 
         3 3 0 6 2 3 8 2 5 2 5 0 6 6 3 6 3 3 0 6 3 
         7 2 5 2 5 8 8 2 5 2 5 4 4 1 7 1 2 8 8 5 1 
         1 4 7 1 4 4 1 4 7 1 4 1 4 7 1 4 1 4 7 1 4 
         5 0 0 3 7 6 1 4 7 1 4 5 2 2 5 8 6 6 3 6 2 
         6 8 5 8 1 2 1 4 7 1 4 6 6 3 6 0 5 2 2 5 6 
         2 5 8 2 5 5 5 2 2 5 8 5 2 2 5 8 5 2 2 5 8 
         3 1 1 4 8 7 5 2 2 5 8 6 6 3 6 0 1 4 7 1 3 
         7 6 3 6 2 0 5 2 2 5 8 1 4 7 1 4 6 6 3 6 1 
         0 3 6 0 3 3 6 6 3 6 0 6 6 3 6 0 6 6 3 6 0 
         4 2 2 5 6 8 6 6 3 6 0 1 4 7 1 4 5 2 2 5 7 
         8 7 4 7 0 1 6 6 3 6 0 5 2 2 5 8 1 4 7 1 5 
         2 7 1 7 5 7 2 8 2 8 5 2 8 2 8 5 1 7 1 7 8 
         3 3 3 0 8 0 2 8 2 8 5 3 3 3 0 6 6 0 6 3 3 
         7 2 8 5 2 5 2 8 2 8 5 7 1 7 4 1 5 5 5 2 1 
         0 8 2 8 3 8 3 3 3 0 6 3 3 3 0 6 5 5 5 2 0 
         4 4 4 1 6 1 3 3 3 0 6 7 1 7 4 1 1 7 1 7 7 
         8 0 6 3 0 3 3 3 3 0 6 2 8 2 8 5 6 0 6 3 5 
         1 6 0 6 4 6 7 1 7 4 1 7 1 7 4 1 6 0 6 3 4 
         5 5 5 2 7 2 7 1 7 4 1 2 8 2 8 5 5 5 5 2 2 
         6 1 7 4 1 4 7 1 7 4 1 3 3 3 0 6 1 7 1 7 6 
         1 2 5 8 7 5 1 1 4 7 7 1 1 4 7 7 2 2 5 8 4 
         5 7 7 1 1 7 1 1 4 7 7 5 8 8 2 2 7 4 1 4 2 
         6 3 0 3 4 0 1 1 4 7 7 6 3 0 3 3 3 6 6 0 6 
         2 0 3 6 8 3 5 8 8 2 2 5 8 8 2 2 3 6 6 0 8 
         3 8 8 2 2 8 5 8 8 2 2 6 3 0 3 3 2 2 5 8 3 
         7 4 1 4 5 1 5 8 8 2 2 1 1 4 7 7 7 4 1 4 1 
         0 1 4 7 6 4 6 3 0 3 3 6 3 0 3 3 7 4 1 4 0 
         4 6 6 0 0 6 6 3 0 3 3 1 1 4 7 7 3 6 6 0 7 
         8 5 2 5 3 2 6 3 0 3 3 5 8 8 2 2 2 2 5 8 5 

For the case n= 54 and m= 20 :
A_idx:  3 4 5 6 7 8 9 10 11 12 14 15 16 17 18 20 21 22 23 25 ; B_idx:  2 2 2 2 2 13 13 13 13 24 19 19 19 19 24 24 24 24 24 2 .
The number of empty cells :  648 ;  Variance :  0.4 ;
The pattern frequency: ( 0.005263158 0 0.1789474 0 0.8157895 ). 
The design D : 
         0 0 0 0 0 0 0 0 0 0 0 0 0 0 0 0 0 0 0 0 
         7 4 4 4 4 0 0 0 0 2 4 7 4 4 5 8 5 8 8 7 
         5 8 8 8 8 0 0 0 0 1 8 5 8 8 7 4 7 4 4 5 
         0 0 0 0 0 4 7 4 4 4 4 7 4 4 4 4 7 4 4 3 
         7 4 4 4 4 4 7 4 4 3 8 5 8 8 6 0 0 0 0 1 
         5 8 8 8 8 4 7 4 4 5 0 0 0 0 2 8 5 8 8 8 
         0 0 0 0 0 8 5 8 8 8 8 5 8 8 8 8 5 8 8 6 
         7 4 4 4 4 8 5 8 8 7 0 0 0 0 1 4 7 4 4 4 
         5 8 8 8 8 8 5 8 8 6 4 7 4 4 3 0 0 0 0 2 
         3 3 3 0 6 2 5 5 5 0 2 5 5 5 0 0 3 3 3 6 
         1 7 7 4 1 2 5 5 5 2 3 0 6 6 5 8 8 2 2 4 
         8 2 2 8 5 2 5 5 5 1 7 7 1 1 7 4 1 7 7 2 
         3 3 3 0 6 3 0 6 6 4 3 0 6 6 4 4 1 7 7 0 
         1 7 7 4 1 3 0 6 6 3 7 7 1 1 6 0 3 3 3 7 
         8 2 2 8 5 3 0 6 6 5 2 5 5 5 2 8 8 2 2 5 
         3 3 3 0 6 7 7 1 1 8 7 7 1 1 8 8 8 2 2 3 
         1 7 7 4 1 7 7 1 1 7 2 5 5 5 1 4 1 7 7 1 
         8 2 2 8 5 7 7 1 1 6 3 0 6 6 3 0 3 3 3 8 
         6 6 3 6 0 0 6 6 3 8 0 6 6 3 8 2 8 8 5 0 
         4 1 7 1 4 0 6 6 3 7 4 4 1 7 1 7 1 4 1 7 
         2 5 2 5 8 0 6 6 3 6 8 2 5 2 3 3 3 0 6 5 
         6 6 3 6 0 4 4 1 7 0 4 4 1 7 0 3 3 0 6 3 
         4 1 7 1 4 4 4 1 7 2 8 2 5 2 5 2 8 8 5 1 
         2 5 2 5 8 4 4 1 7 1 0 6 6 3 7 7 1 4 1 8 
         6 6 3 6 0 8 2 5 2 4 8 2 5 2 4 7 1 4 1 6 
         4 1 7 1 4 8 2 5 2 3 0 6 6 3 6 3 3 0 6 4 
         2 5 2 5 8 8 2 5 2 5 4 4 1 7 2 2 8 8 5 2 
         3 6 0 3 3 1 4 7 1 4 1 4 7 1 4 1 4 7 1 3 
         1 1 4 7 7 1 4 7 1 3 5 2 2 5 6 6 6 3 6 1 
         8 5 8 2 2 1 4 7 1 5 6 6 3 6 2 5 2 2 5 8 
         3 6 0 3 3 5 2 2 5 8 5 2 2 5 8 5 2 2 5 6 
         1 1 4 7 7 5 2 2 5 7 6 6 3 6 1 1 4 7 1 4 
         8 5 8 2 2 5 2 2 5 6 1 4 7 1 3 6 6 3 6 2 
         3 6 0 3 3 6 6 3 6 0 6 6 3 6 0 6 6 3 6 0 
         1 1 4 7 7 6 6 3 6 2 1 4 7 1 5 5 2 2 5 7 
         8 5 8 2 2 6 6 3 6 1 5 2 2 5 7 1 4 7 1 5 
         6 0 6 3 6 2 8 2 8 4 2 8 2 8 4 1 7 1 7 6 
         4 4 1 7 1 2 8 2 8 3 3 3 3 0 6 6 0 6 3 4 
         2 8 5 2 5 2 8 2 8 5 7 1 7 4 2 5 5 5 2 2 
         6 0 6 3 6 3 3 3 0 8 3 3 3 0 8 5 5 5 2 0 
         4 4 1 7 1 3 3 3 0 7 7 1 7 4 1 1 7 1 7 7 
         2 8 5 2 5 3 3 3 0 6 2 8 2 8 3 6 0 6 3 5 
         6 0 6 3 6 7 1 7 4 0 7 1 7 4 0 6 0 6 3 3 
         4 4 1 7 1 7 1 7 4 2 2 8 2 8 5 5 5 5 2 1 
         2 8 5 2 5 7 1 7 4 1 3 3 3 0 7 1 7 1 7 8 
         0 3 6 6 3 1 1 4 7 8 1 1 4 7 8 2 2 5 8 3 
         7 7 1 1 7 1 1 4 7 7 5 8 8 2 1 7 4 1 4 1 
         5 2 5 5 2 1 1 4 7 6 6 3 0 3 3 3 6 6 0 8 
         0 3 6 6 3 5 8 8 2 0 5 8 8 2 0 3 6 6 0 6 
         7 7 1 1 7 5 8 8 2 2 6 3 0 3 5 2 2 5 8 4 
         5 2 5 5 2 5 8 8 2 1 1 1 4 7 7 7 4 1 4 2 
         0 3 6 6 3 6 3 0 3 4 6 3 0 3 4 7 4 1 4 0 
         7 7 1 1 7 6 3 0 3 3 1 1 4 7 6 3 6 6 0 7 
         5 2 5 5 2 6 3 0 3 5 5 8 8 2 2 2 2 5 8 5 

For the case n= 54 and m= 19 :
A_idx:  3 4 5 6 7 8 9 10 11 12 14 15 16 17 19 20 21 22 23 ; B_idx:  2 2 2 2 2 13 13 13 13 2 18 18 18 18 2 25 25 25 25 .
The number of empty cells :  576 ;  Variance :  0.374269 ;
The pattern frequency: ( 0 0 0.1871345 0 0.8128655 ). 
The design D : 
         0 0 0 0 0 0 0 0 0 0 0 0 0 0 0 0 0 0 0 
         7 4 4 4 4 0 0 0 0 1 4 7 4 4 4 8 5 8 8 
         5 8 8 8 8 0 0 0 0 2 8 5 8 8 8 4 7 4 4 
         0 0 0 0 0 4 7 4 4 3 4 7 4 4 3 4 7 4 4 
         7 4 4 4 4 4 7 4 4 4 8 5 8 8 7 0 0 0 0 
         5 8 8 8 8 4 7 4 4 5 0 0 0 0 2 8 5 8 8 
         0 0 0 0 0 8 5 8 8 6 8 5 8 8 6 8 5 8 8 
         7 4 4 4 4 8 5 8 8 7 0 0 0 0 1 4 7 4 4 
         5 8 8 8 8 8 5 8 8 8 4 7 4 4 5 0 0 0 0 
         3 3 3 0 6 2 5 5 5 0 0 3 3 3 6 2 5 5 5 
         1 7 7 4 1 2 5 5 5 1 4 1 7 7 1 7 7 1 1 
         8 2 2 8 5 2 5 5 5 2 8 8 2 2 5 3 0 6 6 
         3 3 3 0 6 3 0 6 6 3 4 1 7 7 0 3 0 6 6 
         1 7 7 4 1 3 0 6 6 4 8 8 2 2 4 2 5 5 5 
         8 2 2 8 5 3 0 6 6 5 0 3 3 3 8 7 7 1 1 
         3 3 3 0 6 7 7 1 1 6 8 8 2 2 3 7 7 1 1 
         1 7 7 4 1 7 7 1 1 7 0 3 3 3 7 3 0 6 6 
         8 2 2 8 5 7 7 1 1 8 4 1 7 7 2 2 5 5 5 
         6 6 3 6 0 0 6 6 3 6 2 8 8 5 0 0 6 6 3 
         4 1 7 1 4 0 6 6 3 7 3 3 0 6 4 8 2 5 2 
         2 5 2 5 8 0 6 6 3 8 7 1 4 1 8 4 4 1 7 
         6 6 3 6 0 4 4 1 7 0 3 3 0 6 3 4 4 1 7 
         4 1 7 1 4 4 4 1 7 1 7 1 4 1 7 0 6 6 3 
         2 5 2 5 8 4 4 1 7 2 2 8 8 5 2 8 2 5 2 
         6 6 3 6 0 8 2 5 2 3 7 1 4 1 6 8 2 5 2 
         4 1 7 1 4 8 2 5 2 4 2 8 8 5 1 4 4 1 7 
         2 5 2 5 8 8 2 5 2 5 3 3 0 6 5 0 6 6 3 
         3 6 0 3 3 1 4 7 1 3 1 4 7 1 3 1 4 7 1 
         1 1 4 7 7 1 4 7 1 4 5 2 2 5 7 6 6 3 6 
         8 5 8 2 2 1 4 7 1 5 6 6 3 6 2 5 2 2 5 
         3 6 0 3 3 5 2 2 5 6 5 2 2 5 6 5 2 2 5 
         1 1 4 7 7 5 2 2 5 7 6 6 3 6 1 1 4 7 1 
         8 5 8 2 2 5 2 2 5 8 1 4 7 1 5 6 6 3 6 
         3 6 0 3 3 6 6 3 6 0 6 6 3 6 0 6 6 3 6 
         1 1 4 7 7 6 6 3 6 1 1 4 7 1 4 5 2 2 5 
         8 5 8 2 2 6 6 3 6 2 5 2 2 5 8 1 4 7 1 
         6 0 6 3 6 2 8 2 8 3 1 7 1 7 6 2 8 2 8 
         4 4 1 7 1 2 8 2 8 4 5 5 5 2 1 7 1 7 4 
         2 8 5 2 5 2 8 2 8 5 6 0 6 3 5 3 3 3 0 
         6 0 6 3 6 3 3 3 0 6 5 5 5 2 0 3 3 3 0 
         4 4 1 7 1 3 3 3 0 7 6 0 6 3 4 2 8 2 8 
         2 8 5 2 5 3 3 3 0 8 1 7 1 7 8 7 1 7 4 
         6 0 6 3 6 7 1 7 4 0 6 0 6 3 3 7 1 7 4 
         4 4 1 7 1 7 1 7 4 1 1 7 1 7 7 3 3 3 0 
         2 8 5 2 5 7 1 7 4 2 5 5 5 2 2 2 8 2 8 
         0 3 6 6 3 1 1 4 7 6 2 2 5 8 3 1 1 4 7 
         7 7 1 1 7 1 1 4 7 7 3 6 6 0 7 6 3 0 3 
         5 2 5 5 2 1 1 4 7 8 7 4 1 4 2 5 8 8 2 
         0 3 6 6 3 5 8 8 2 0 3 6 6 0 6 5 8 8 2 
         7 7 1 1 7 5 8 8 2 1 7 4 1 4 1 1 1 4 7 
         5 2 5 5 2 5 8 8 2 2 2 2 5 8 5 6 3 0 3 
         0 3 6 6 3 6 3 0 3 3 7 4 1 4 0 6 3 0 3 
         7 7 1 1 7 6 3 0 3 4 2 2 5 8 4 5 8 8 2 
         5 2 5 5 2 6 3 0 3 5 3 6 6 0 8 1 1 4 7 

For the case n= 54 and m= 18 :
A_idx:  3 4 5 6 8 9 10 11 12 13 14 15 16 17 20 21 22 23 ; B_idx:  7 7 7 7 19 7 7 7 2 2 19 19 19 19 25 25 25 25 .
The number of empty cells :  378 ;  Variance :  0.3529412 ;
The pattern frequency: ( 0 0 0.1372549 0.03921569 0.8235294 ). 
The design D : 
         0 0 0 0 0 0 0 0 0 0 0 0 0 0 0 0 0 0 
         7 4 4 4 1 1 1 1 1 1 4 7 4 4 8 5 8 8 
         5 8 8 8 2 2 2 2 2 2 8 5 8 8 4 7 4 4 
         0 0 0 0 4 6 3 3 3 3 4 7 4 4 4 7 4 4 
         7 4 4 4 5 7 4 4 4 4 8 5 8 8 0 0 0 0 
         5 8 8 8 3 8 5 5 5 5 0 0 0 0 8 5 8 8 
         0 0 0 0 8 3 6 6 6 6 8 5 8 8 8 5 8 8 
         7 4 4 4 6 4 7 7 7 7 0 0 0 0 4 7 4 4 
         5 8 8 8 7 5 8 8 8 8 4 7 4 4 0 0 0 0 
         5 5 5 2 2 5 5 5 0 6 2 5 5 5 2 5 5 5 
         0 6 6 3 0 3 3 3 1 7 3 0 6 6 7 7 1 1 
         7 1 1 7 1 4 4 4 2 8 7 7 1 1 3 0 6 6 
         5 5 5 2 3 2 8 8 3 0 3 0 6 6 3 0 6 6 
         0 6 6 3 4 0 6 6 4 1 7 7 1 1 2 5 5 5 
         7 1 1 7 5 1 7 7 5 2 2 5 5 5 7 7 1 1 
         5 5 5 2 7 8 2 2 6 3 7 7 1 1 7 7 1 1 
         0 6 6 3 8 6 0 0 7 4 2 5 5 5 3 0 6 6 
         7 1 1 7 6 7 1 1 8 5 3 0 6 6 2 5 5 5 
         6 6 3 6 0 6 6 3 6 0 0 6 6 3 0 6 6 3 
         4 1 7 1 1 7 7 4 7 1 4 4 1 7 8 2 5 2 
         2 5 2 5 2 8 8 5 8 2 8 2 5 2 4 4 1 7 
         6 6 3 6 4 3 0 6 0 3 4 4 1 7 4 4 1 7 
         4 1 7 1 5 4 1 7 1 4 8 2 5 2 0 6 6 3 
         2 5 2 5 3 5 2 8 2 5 0 6 6 3 8 2 5 2 
         6 6 3 6 8 0 3 0 3 6 8 2 5 2 8 2 5 2 
         4 1 7 1 6 1 4 1 4 7 0 6 6 3 4 4 1 7 
         2 5 2 5 7 2 5 2 5 8 4 4 1 7 0 6 6 3 
         4 7 1 4 1 4 7 1 3 3 1 4 7 1 1 4 7 1 
         2 2 5 8 2 5 8 2 4 4 5 2 2 5 6 6 3 6 
         6 3 6 0 0 3 6 0 5 5 6 6 3 6 5 2 2 5 
         4 7 1 4 5 1 1 4 6 6 5 2 2 5 5 2 2 5 
         2 2 5 8 3 2 2 5 7 7 6 6 3 6 1 4 7 1 
         6 3 6 0 4 0 0 3 8 8 1 4 7 1 6 6 3 6 
         4 7 1 4 6 7 4 7 0 0 6 6 3 6 6 6 3 6 
         2 2 5 8 7 8 5 8 1 1 1 4 7 1 5 2 2 5 
         6 3 6 0 8 6 3 6 2 2 5 2 2 5 1 4 7 1 
         8 2 8 5 2 8 2 8 3 6 2 8 2 8 2 8 2 8 
         3 3 0 6 0 6 0 6 4 7 3 3 3 0 7 1 7 4 
         1 7 4 1 1 7 1 7 5 8 7 1 7 4 3 3 3 0 
         8 2 8 5 3 5 5 2 6 0 3 3 3 0 3 3 3 0 
         3 3 0 6 4 3 3 0 7 1 7 1 7 4 2 8 2 8 
         1 7 4 1 5 4 4 1 8 2 2 8 2 8 7 1 7 4 
         8 2 8 5 7 2 8 5 0 3 7 1 7 4 7 1 7 4 
         3 3 0 6 8 0 6 3 1 4 2 8 2 8 3 3 3 0 
         1 7 4 1 6 1 7 4 2 5 3 3 3 0 2 8 2 8 
         1 4 7 7 1 1 4 7 6 3 1 1 4 7 1 1 4 7 
         8 8 2 2 2 2 5 8 7 4 5 8 8 2 6 3 0 3 
         3 0 3 3 0 0 3 6 8 5 6 3 0 3 5 8 8 2 
         1 4 7 7 5 7 7 1 0 6 5 8 8 2 5 8 8 2 
         8 8 2 2 3 8 8 2 1 7 6 3 0 3 1 1 4 7 
         3 0 3 3 4 6 6 0 2 8 1 1 4 7 6 3 0 3 
         1 4 7 7 6 4 1 4 3 0 6 3 0 3 6 3 0 3 
         8 8 2 2 7 5 2 5 4 1 1 1 4 7 5 8 8 2 
         3 0 3 3 8 3 0 3 5 2 5 8 8 2 1 1 4 7 

For the case n= 54 and m= 17 :
A_idx:  3 4 5 6 8 9 10 11 12 13 14 15 16 17 20 21 22 ; B_idx:  7 7 7 7 19 7 7 23 2 2 19 19 19 19 25 25 25 .
The number of empty cells :  324 ;  Variance :  0.3235294 ;
The pattern frequency: ( 0.003676471 0 0.125 0.02205882 0.8492647 ). 
The design D : 
         0 0 0 0 0 0 0 0 0 0 0 0 0 0 0 0 0 
         7 4 4 4 1 1 1 2 1 1 4 7 4 4 8 5 8 
         5 8 8 8 2 2 2 1 2 2 8 5 8 8 4 7 4 
         0 0 0 0 4 6 3 4 3 3 4 7 4 4 4 7 4 
         7 4 4 4 5 7 4 3 4 4 8 5 8 8 0 0 0 
         5 8 8 8 3 8 5 5 5 5 0 0 0 0 8 5 8 
         0 0 0 0 8 3 6 8 6 6 8 5 8 8 8 5 8 
         7 4 4 4 6 4 7 7 7 7 0 0 0 0 4 7 4 
         5 8 8 8 7 5 8 6 8 8 4 7 4 4 0 0 0 
         5 5 5 2 2 5 5 4 0 6 2 5 5 5 2 5 5 
         0 6 6 3 0 3 3 3 1 7 3 0 6 6 7 7 1 
         7 1 1 7 1 4 4 5 2 8 7 7 1 1 3 0 6 
         5 5 5 2 3 2 8 8 3 0 3 0 6 6 3 0 6 
         0 6 6 3 4 0 6 7 4 1 7 7 1 1 2 5 5 
         7 1 1 7 5 1 7 6 5 2 2 5 5 5 7 7 1 
         5 5 5 2 7 8 2 0 6 3 7 7 1 1 7 7 1 
         0 6 6 3 8 6 0 2 7 4 2 5 5 5 3 0 6 
         7 1 1 7 6 7 1 1 8 5 3 0 6 6 2 5 5 
         6 6 3 6 0 6 6 4 6 0 0 6 6 3 0 6 6 
         4 1 7 1 1 7 7 3 7 1 4 4 1 7 8 2 5 
         2 5 2 5 2 8 8 5 8 2 8 2 5 2 4 4 1 
         6 6 3 6 4 3 0 8 0 3 4 4 1 7 4 4 1 
         4 1 7 1 5 4 1 7 1 4 8 2 5 2 0 6 6 
         2 5 2 5 3 5 2 6 2 5 0 6 6 3 8 2 5 
         6 6 3 6 8 0 3 0 3 6 8 2 5 2 8 2 5 
         4 1 7 1 6 1 4 2 4 7 0 6 6 3 4 4 1 
         2 5 2 5 7 2 5 1 5 8 4 4 1 7 0 6 6 
         4 7 1 4 1 4 7 0 3 3 1 4 7 1 1 4 7 
         2 2 5 8 2 5 8 2 4 4 5 2 2 5 6 6 3 
         6 3 6 0 0 3 6 1 5 5 6 6 3 6 5 2 2 
         4 7 1 4 5 1 1 4 6 6 5 2 2 5 5 2 2 
         2 2 5 8 3 2 2 3 7 7 6 6 3 6 1 4 7 
         6 3 6 0 4 0 0 5 8 8 1 4 7 1 6 6 3 
         4 7 1 4 6 7 4 8 0 0 6 6 3 6 6 6 3 
         2 2 5 8 7 8 5 7 1 1 1 4 7 1 5 2 2 
         6 3 6 0 8 6 3 6 2 2 5 2 2 5 1 4 7 
         8 2 8 5 2 8 2 8 3 6 2 8 2 8 2 8 2 
         3 3 0 6 0 6 0 7 4 7 3 3 3 0 7 1 7 
         1 7 4 1 1 7 1 6 5 8 7 1 7 4 3 3 3 
         8 2 8 5 3 5 5 0 6 0 3 3 3 0 3 3 3 
         3 3 0 6 4 3 3 2 7 1 7 1 7 4 2 8 2 
         1 7 4 1 5 4 4 1 8 2 2 8 2 8 7 1 7 
         8 2 8 5 7 2 8 4 0 3 7 1 7 4 7 1 7 
         3 3 0 6 8 0 6 3 1 4 2 8 2 8 3 3 3 
         1 7 4 1 6 1 7 5 2 5 3 3 3 0 2 8 2 
         1 4 7 7 1 1 4 8 6 3 1 1 4 7 1 1 4 
         8 8 2 2 2 2 5 7 7 4 5 8 8 2 6 3 0 
         3 0 3 3 0 0 3 6 8 5 6 3 0 3 5 8 8 
         1 4 7 7 5 7 7 0 0 6 5 8 8 2 5 8 8 
         8 8 2 2 3 8 8 2 1 7 6 3 0 3 1 1 4 
         3 0 3 3 4 6 6 1 2 8 1 1 4 7 6 3 0 
         1 4 7 7 6 4 1 4 3 0 6 3 0 3 6 3 0 
         8 8 2 2 7 5 2 3 4 1 1 1 4 7 5 8 8 
         3 0 3 3 8 3 0 5 5 2 5 8 8 2 1 1 4 


---------------------Below are incomplete search results based on 200k distinct choices of A's


For the case n= 54 and m= 16 :
A_idx:  3 4 6 7 8 9 10 14 15 16 17 18 19 20 21 22 ; B_idx:  5 5 5 5 13 13 13 23 5 5 2 2 2 25 25 25 .
The number of empty cells :  252 ;  Variance :  0.2666667 ;
The pattern frequency: ( 0 0 0.1166667 0.01666667 0.8666667 ). 
The design D : 
         0 0 0 0 0 0 0 0 0 0 0 0 0 0 0 0 
         7 4 4 4 0 0 0 5 7 4 4 4 4 8 5 8 
         5 8 8 8 0 0 0 7 5 8 8 8 8 4 7 4 
         0 0 0 0 4 7 4 4 6 3 3 3 3 4 7 4 
         7 4 4 4 4 7 4 6 4 7 7 7 7 0 0 0 
         5 8 8 8 4 7 4 2 2 2 2 2 2 8 5 8 
         0 0 0 0 8 5 8 8 3 6 6 6 6 8 5 8 
         7 4 4 4 8 5 8 1 1 1 1 1 1 4 7 4 
         5 8 8 8 8 5 8 3 8 5 5 5 5 0 0 0 
         4 4 1 7 2 5 5 1 4 4 3 0 6 2 5 5 
         2 8 5 2 2 5 5 3 2 8 7 4 1 7 7 1 
         6 0 6 3 2 5 5 8 6 0 2 8 5 3 0 6 
         4 4 1 7 3 0 6 5 1 7 6 3 0 3 0 6 
         2 8 5 2 3 0 6 7 8 2 1 7 4 2 5 5 
         6 0 6 3 3 0 6 0 3 3 5 2 8 7 7 1 
         4 4 1 7 7 7 1 6 7 1 0 6 3 7 7 1 
         2 8 5 2 7 7 1 2 5 5 4 1 7 3 0 6 
         6 0 6 3 7 7 1 4 0 6 8 5 2 2 5 5 
         7 7 7 1 0 6 6 1 7 7 3 6 0 0 6 6 
         5 2 2 5 0 6 6 3 5 2 7 1 4 8 2 5 
         0 3 3 6 0 6 6 8 0 3 2 5 8 4 4 1 
         7 7 7 1 4 4 1 5 4 1 6 0 3 4 4 1 
         5 2 2 5 4 4 1 7 2 5 1 4 7 0 6 6 
         0 3 3 6 4 4 1 0 6 6 5 8 2 8 2 5 
         7 7 7 1 8 2 5 6 1 4 0 3 6 8 2 5 
         5 2 2 5 8 2 5 2 8 8 4 7 1 4 4 1 
         0 3 3 6 8 2 5 4 3 0 8 2 5 0 6 6 
         3 6 3 3 1 4 7 0 3 6 0 3 3 1 4 7 
         1 1 7 7 1 4 7 5 1 1 4 7 7 6 6 3 
         8 5 2 2 1 4 7 7 8 5 8 2 2 5 2 2 
         3 6 3 3 5 2 2 4 0 0 3 6 6 5 2 2 
         1 1 7 7 5 2 2 6 7 4 7 1 1 1 4 7 
         8 5 2 2 5 2 2 2 5 8 2 5 5 6 6 3 
         3 6 3 3 6 6 3 8 6 3 6 0 0 6 6 3 
         1 1 7 7 6 6 3 1 4 7 1 4 4 5 2 2 
         8 5 2 2 6 6 3 3 2 2 5 8 8 1 4 7 
         8 2 5 8 2 8 2 2 8 2 6 3 6 2 8 2 
         3 3 6 0 2 8 2 4 3 3 1 7 1 7 1 7 
         1 7 1 4 2 8 2 6 1 7 5 2 5 3 3 3 
         8 2 5 8 3 3 3 3 5 5 0 6 0 3 3 3 
         3 3 6 0 3 3 3 8 0 6 4 1 4 2 8 2 
         1 7 1 4 3 3 3 1 7 1 8 5 8 7 1 7 
         8 2 5 8 7 1 7 7 2 8 3 0 3 7 1 7 
         3 3 6 0 7 1 7 0 6 0 7 4 7 3 3 3 
         1 7 1 4 7 1 7 5 4 4 2 8 2 2 8 2 
         2 5 8 5 1 1 4 2 2 5 6 6 3 1 1 4 
         6 6 0 6 1 1 4 4 6 6 1 1 7 6 3 0 
         4 1 4 1 1 1 4 6 4 1 5 5 2 5 8 8 
         2 5 8 5 5 8 8 3 8 8 0 0 6 5 8 8 
         6 6 0 6 5 8 8 8 3 0 4 4 1 1 1 4 
         4 1 4 1 5 8 8 1 1 4 8 8 5 6 3 0 
         2 5 8 5 6 3 0 7 5 2 3 3 0 6 3 0 
         6 6 0 6 6 3 0 0 0 3 7 7 4 5 8 8 
         4 1 4 1 6 3 0 5 7 7 2 2 8 1 1 4 

For the case n= 54 and m= 15 :
A_idx:  1 3 4 5 6 7 8 9 10 11 13 18 19 24 25 ; B_idx:  22 12 12 12 20 12 2 2 2 2 23 16 16 22 22 .
The number of empty cells :  126 ;  Variance :  0.2190476 ;
The pattern frequency: ( 0 0 0.06666667 0.04285714 0.8904762 ). 
The design D : 
         0 0 0 0 0 0 0 0 0 0 0 0 0 0 0 
         2 6 3 3 5 3 1 1 1 1 2 4 4 8 8 
         1 3 6 6 7 6 2 2 2 2 1 8 8 4 4 
         1 1 1 1 1 1 3 6 3 3 4 4 4 4 4 
         0 7 4 4 3 4 4 7 4 4 3 8 8 0 0 
         2 4 7 7 8 7 5 8 5 5 5 0 0 8 8 
         2 2 2 2 2 2 6 3 6 6 8 8 8 8 8 
         1 8 5 5 4 5 7 4 7 7 7 0 0 4 4 
         0 5 8 8 6 8 8 5 8 8 6 4 4 0 0 
         4 3 3 3 0 6 0 3 3 3 7 1 7 1 7 
         3 0 6 6 5 0 1 4 4 4 6 5 2 6 3 
         5 6 0 0 7 3 2 5 5 5 8 6 3 5 2 
         5 4 4 4 1 7 3 0 6 6 2 5 2 5 2 
         4 1 7 7 3 1 4 1 7 7 1 6 3 1 7 
         3 7 1 1 8 4 5 2 8 8 0 1 7 6 3 
         3 5 5 5 2 8 6 6 0 0 3 6 3 6 3 
         5 2 8 8 4 2 7 7 1 1 5 1 7 5 2 
         4 8 2 2 6 5 8 8 2 2 4 5 2 1 7 
         8 8 8 5 6 2 0 6 6 3 1 8 2 8 2 
         7 5 2 8 2 5 1 7 7 4 0 0 3 4 7 
         6 2 5 2 4 8 2 8 8 5 2 4 7 0 3 
         6 6 6 3 7 0 3 3 0 6 5 0 3 0 3 
         8 3 0 6 0 3 4 4 1 7 4 4 7 8 2 
         7 0 3 0 5 6 5 5 2 8 3 8 2 4 7 
         7 7 7 4 8 1 6 0 3 0 6 4 7 4 7 
         6 4 1 7 1 4 7 1 4 1 8 8 2 0 3 
         8 1 4 1 3 7 8 2 5 2 7 0 3 8 2 
         2 4 7 1 3 4 0 3 6 0 3 5 5 5 5 
         1 1 1 4 8 7 1 4 7 1 5 6 6 1 1 
         0 7 4 7 1 1 2 5 8 2 4 1 1 6 6 
         0 5 8 2 4 5 3 0 0 3 7 6 6 6 6 
         2 2 2 5 6 8 4 1 1 4 6 1 1 5 5 
         1 8 5 8 2 2 5 2 2 5 8 5 5 1 1 
         1 3 6 0 5 3 6 6 3 6 2 1 1 1 1 
         0 0 0 3 7 6 7 7 4 7 1 5 5 6 6 
         2 6 3 6 0 0 8 8 5 8 0 6 6 5 5 
         3 7 1 7 3 7 0 6 0 6 8 3 6 3 6 
         5 4 4 1 8 1 1 7 1 7 7 7 1 2 5 
         4 1 7 4 1 4 2 8 2 8 6 2 5 7 1 
         4 8 2 8 4 8 3 3 3 0 0 7 1 7 1 
         3 5 5 2 6 2 4 4 4 1 2 2 5 3 6 
         5 2 8 5 2 5 5 5 5 2 1 3 6 2 5 
         5 6 0 6 5 6 6 0 6 3 4 2 5 2 5 
         4 3 3 0 7 0 7 1 7 4 3 3 6 7 1 
         3 0 6 3 0 3 8 2 8 5 5 7 1 3 6 
         7 2 5 8 6 5 0 0 3 6 5 7 4 7 4 
         6 8 8 2 2 8 1 1 4 7 4 2 8 3 0 
         8 5 2 5 4 2 2 2 5 8 3 3 0 2 8 
         8 0 3 6 7 3 3 6 6 0 6 2 8 2 8 
         7 6 6 0 0 6 4 7 7 1 8 3 0 7 4 
         6 3 0 3 5 0 5 8 8 2 7 7 4 3 0 
         6 1 4 7 8 4 6 3 0 3 1 3 0 3 0 
         8 7 7 1 1 7 7 4 1 4 0 7 4 2 8 
         7 4 1 4 3 1 8 5 2 5 2 2 8 7 4 

For the case n= 54 and m= 14 :
A_idx:  1 2 6 9 14 16 17 18 19 20 22 23 24 25 ; B_idx:  13 4 4 13 3 21 21 21 21 15 15 15 15 15 .
The number of empty cells :  72 ;  Variance :  0.1538462 ;
The pattern frequency: ( 0 0 0.04395604 0.03296703 0.9230769 ). 
The design D : 
         0 0 0 0 0 0 0 0 0 0 0 0 0 0 
         0 4 4 0 5 4 4 4 4 8 8 8 8 8 
         0 8 8 0 7 8 8 8 8 4 4 4 4 4 
         1 0 0 7 3 5 5 5 5 5 5 5 5 5 
         1 4 4 7 8 6 6 6 6 1 1 1 1 1 
         1 8 8 7 1 1 1 1 1 6 6 6 6 6 
         2 0 0 5 6 7 7 7 7 7 7 7 7 7 
         2 4 4 5 2 2 2 2 2 3 3 3 3 3 
         2 8 8 5 4 3 3 3 3 2 2 2 2 2 
         5 1 1 5 1 4 4 1 7 1 4 4 1 7 
         5 5 5 5 3 8 8 5 2 6 0 0 6 3 
         5 6 6 5 8 0 0 6 3 5 8 8 5 2 
         3 1 1 0 4 6 6 3 0 3 6 6 3 0 
         3 5 5 0 6 1 1 7 4 2 5 5 2 8 
         3 6 6 0 2 5 5 2 8 7 1 1 7 4 
         4 1 1 7 7 2 2 8 5 8 2 2 8 5 
         4 5 5 7 0 3 3 0 6 4 7 7 4 1 
         4 6 6 7 5 7 7 4 1 0 3 3 0 6 
         6 2 8 6 2 8 5 8 2 2 8 5 8 2 
         6 3 0 6 4 0 6 0 3 7 4 1 4 7 
         6 7 4 6 6 4 1 4 7 3 0 6 0 3 
         7 2 8 4 5 1 7 1 4 4 1 7 1 4 
         7 3 0 4 7 5 2 5 8 0 6 3 6 0 
         7 7 4 4 0 6 3 6 0 8 5 2 5 8 
         8 2 8 2 8 3 0 3 6 6 3 0 3 6 
         8 3 0 2 1 7 4 7 1 5 2 8 2 5 
         8 7 4 2 3 2 8 2 5 1 7 4 7 1 
         1 2 5 4 1 7 1 4 4 1 7 1 4 4 
         1 3 6 4 3 2 5 8 8 6 3 6 0 0 
         1 7 1 4 8 3 6 0 0 5 2 5 8 8 
         2 2 5 2 4 0 3 6 6 3 0 3 6 6 
         2 3 6 2 6 4 7 1 1 2 8 2 5 5 
         2 7 1 2 2 8 2 5 5 7 4 7 1 1 
         0 2 5 6 7 5 8 2 2 8 5 8 2 2 
         0 3 6 6 0 6 0 3 3 4 1 4 7 7 
         0 7 1 6 5 1 4 7 7 0 6 0 3 3 
         5 0 3 8 2 2 8 5 8 2 2 8 5 8 
         5 4 7 8 4 3 0 6 0 7 7 4 1 4 
         5 8 2 8 6 7 4 1 4 3 3 0 6 0 
         3 0 3 3 5 4 1 7 1 4 4 1 7 1 
         3 4 7 3 7 8 5 2 5 0 0 6 3 6 
         3 8 2 3 0 0 6 3 6 8 8 5 2 5 
         4 0 3 1 8 6 3 0 3 6 6 3 0 3 
         4 4 7 1 1 1 7 4 7 5 5 2 8 2 
         4 8 2 1 3 5 2 8 2 1 1 7 4 7 
         7 1 7 1 0 3 6 6 3 0 3 6 6 3 
         7 5 2 1 5 7 1 1 7 8 2 5 5 2 
         7 6 3 1 7 2 5 5 2 4 7 1 1 7 
         8 1 7 8 3 8 2 2 8 5 8 2 2 8 
         8 5 2 8 8 0 3 3 0 1 4 7 7 4 
         8 6 3 8 1 4 7 7 4 6 0 3 3 0 
         6 1 7 3 6 1 4 4 1 7 1 4 4 1 
         6 5 2 3 2 5 8 8 5 3 6 0 0 6 
         6 6 3 3 4 6 0 0 6 2 5 8 8 5 

For the case n= 54 and m= 13 :
A_idx:  1 3 4 5 6 7 8 9 10 12 13 17 23 ; B_idx:  22 11 11 11 11 11 2 2 2 2 2 16 22 .
The number of empty cells :  27 ;  Variance :  0.03846154 ;
The pattern frequency: ( 0 0 0.01923077 0 0.9807692 ). 
The design D : 
         0 0 0 0 0 0 0 0 0 0 0 0 0 
         2 6 3 3 3 3 1 1 1 1 1 4 8 
         1 3 6 6 6 6 2 2 2 2 2 8 4 
         1 1 1 1 1 1 3 6 3 3 3 4 4 
         0 7 4 4 4 4 4 7 4 4 4 8 0 
         2 4 7 7 7 7 5 8 5 5 5 0 8 
         2 2 2 2 2 2 6 3 6 6 6 8 8 
         1 8 5 5 5 5 7 4 7 7 7 0 4 
         0 5 8 8 8 8 8 5 8 8 8 4 0 
         4 4 4 4 1 7 0 3 3 0 6 4 4 
         3 1 7 7 4 1 1 4 4 1 7 8 0 
         5 7 1 1 7 4 2 5 5 2 8 0 8 
         5 5 5 5 2 8 3 0 6 3 0 8 8 
         4 2 8 8 5 2 4 1 7 4 1 0 4 
         3 8 2 2 8 5 5 2 8 5 2 4 0 
         3 3 3 3 0 6 6 6 0 6 3 0 0 
         5 0 6 6 3 0 7 7 1 7 4 4 8 
         4 6 0 0 6 3 8 8 2 8 5 8 4 
         8 7 7 4 7 1 0 6 6 6 0 5 5 
         7 4 1 7 1 4 1 7 7 7 1 6 1 
         6 1 4 1 4 7 2 8 8 8 2 1 6 
         6 8 8 5 8 2 3 3 0 0 3 6 6 
         8 5 2 8 2 5 4 4 1 1 4 1 5 
         7 2 5 2 5 8 5 5 2 2 5 5 1 
         7 6 6 3 6 0 6 0 3 3 6 1 1 
         6 3 0 6 0 3 7 1 4 4 7 5 6 
         8 0 3 0 3 6 8 2 5 5 8 6 5 
         2 3 6 0 3 3 0 3 6 3 3 2 2 
         1 0 0 3 6 6 1 4 7 4 4 3 7 
         0 6 3 6 0 0 2 5 8 5 5 7 3 
         0 4 7 1 4 4 3 0 0 6 6 3 3 
         2 1 1 4 7 7 4 1 1 7 7 7 2 
         1 7 4 7 1 1 5 2 2 8 8 2 7 
         1 5 8 2 5 5 6 6 3 0 0 7 7 
         0 2 2 5 8 8 7 7 4 1 1 2 3 
         2 8 5 8 2 2 8 8 5 2 2 3 2 
         3 8 2 8 5 8 0 6 0 3 6 6 6 
         5 5 5 2 8 2 1 7 1 4 7 1 5 
         4 2 8 5 2 5 2 8 2 5 8 5 1 
         4 6 0 6 3 6 3 3 3 6 0 1 1 
         3 3 3 0 6 0 4 4 4 7 1 5 6 
         5 0 6 3 0 3 5 5 5 8 2 6 5 
         5 7 1 7 4 7 6 0 6 0 3 5 5 
         4 4 4 1 7 1 7 1 7 1 4 6 1 
         3 1 7 4 1 4 8 2 8 2 5 1 6 
         7 2 5 8 8 5 0 0 3 6 3 7 7 
         6 8 8 2 2 8 1 1 4 7 4 2 3 
         8 5 2 5 5 2 2 2 5 8 5 3 2 
         8 0 3 6 6 3 3 6 6 0 6 2 2 
         7 6 6 0 0 6 4 7 7 1 7 3 7 
         6 3 0 3 3 0 5 8 8 2 8 7 3 
         6 1 4 7 7 4 6 3 0 3 0 3 3 
         8 7 7 1 1 7 7 4 1 4 1 7 2 
         7 4 1 4 4 1 8 5 2 5 2 2 7 