For the case n= 54 and m= 24 :
A_idx:  1 2 3 4 5 6 8 9 10 11 12 13 14 15 16 17 18 19 20 21 22 23 24 25 ; B_idx:  7 7 7 7 7 7 7 7 7 7 7 7 7 7 7 7 7 7 7 7 7 7 7 7 .
The number of empty cells :  828 ;  Variance :  0.6521739 ;
The pattern frequency: ( 0.01086957 0.01086957 0.1304348 0.1304348 0.7173913 ). 
The design D : 
         0 0 0 0 0 0 0 0 0 0 0 0 0 0 0 0 0 0 0 0 0 0 0 0 
         1 4 7 4 4 4 1 1 1 1 1 1 4 7 4 4 4 4 7 4 7 7 7 7 
         2 8 5 8 8 8 2 2 2 2 2 2 8 5 8 8 8 8 5 8 5 5 5 5 
         0 0 0 0 0 0 3 6 3 3 3 3 3 6 3 3 3 3 3 6 3 3 3 3 
         1 4 7 4 4 4 4 7 4 4 4 4 7 4 7 7 7 7 1 1 1 1 1 1 
         2 8 5 8 8 8 5 8 5 5 5 5 2 2 2 2 2 2 8 5 8 8 8 8 
         0 0 0 0 0 0 6 3 6 6 6 6 6 3 6 6 6 6 6 3 6 6 6 6 
         1 4 7 4 4 4 7 4 7 7 7 7 1 1 1 1 1 1 4 7 4 4 4 4 
         2 8 5 8 8 8 8 5 8 8 8 8 5 8 5 5 5 5 2 2 2 2 2 2 
         5 2 5 5 5 2 2 5 5 5 2 8 2 5 5 5 2 8 2 5 5 5 2 8 
         3 3 0 6 6 3 0 3 3 3 0 6 3 0 6 6 3 0 6 6 0 0 6 3 
         4 7 7 1 1 7 1 4 4 4 1 7 7 7 1 1 7 4 4 1 7 7 4 1 
         5 2 5 5 5 2 5 2 8 8 5 2 5 2 8 8 5 2 5 2 8 8 5 2 
         3 3 0 6 6 3 3 0 6 6 3 0 6 6 0 0 6 3 0 3 3 3 0 6 
         4 7 7 1 1 7 4 1 7 7 4 1 1 4 4 4 1 7 7 7 1 1 7 4 
         5 2 5 5 5 2 8 8 2 2 8 5 8 8 2 2 8 5 8 8 2 2 8 5 
         3 3 0 6 6 3 6 6 0 0 6 3 0 3 3 3 0 6 3 0 6 6 3 0 
         4 7 7 1 1 7 7 7 1 1 7 4 4 1 7 7 4 1 1 4 4 4 1 7 
         6 0 6 6 3 6 0 6 6 3 6 0 0 6 6 3 6 0 0 6 6 3 6 0 
         7 4 4 1 7 1 1 7 7 4 7 1 4 4 1 7 1 4 7 1 4 1 4 7 
         8 8 2 5 2 5 2 8 8 5 8 2 8 2 5 2 5 8 5 5 2 8 2 5 
         6 0 6 6 3 6 3 3 0 6 0 3 3 3 0 6 0 3 3 3 0 6 0 3 
         7 4 4 1 7 1 4 4 1 7 1 4 7 1 4 1 4 7 1 7 7 4 7 1 
         8 8 2 5 2 5 5 5 2 8 2 5 2 8 8 5 8 2 8 2 5 2 5 8 
         6 0 6 6 3 6 6 0 3 0 3 6 6 0 3 0 3 6 6 0 3 0 3 6 
         7 4 4 1 7 1 7 1 4 1 4 7 1 7 7 4 7 1 4 4 1 7 1 4 
         8 8 2 5 2 5 8 2 5 2 5 8 5 5 2 8 2 5 2 8 8 5 8 2 
         1 1 4 7 1 4 1 4 7 1 4 4 1 4 7 1 4 4 1 4 7 1 4 4 
         2 5 2 2 5 8 2 5 8 2 5 5 5 2 2 5 8 8 8 8 5 8 2 2 
         0 6 6 3 6 0 0 3 6 0 3 3 6 6 3 6 0 0 3 0 0 3 6 6 
         1 1 4 7 1 4 4 1 1 4 7 7 4 1 1 4 7 7 4 1 1 4 7 7 
         2 5 2 2 5 8 5 2 2 5 8 8 8 8 5 8 2 2 2 5 8 2 5 5 
         0 6 6 3 6 0 3 0 0 3 6 6 0 3 6 0 3 3 6 6 3 6 0 0 
         1 1 4 7 1 4 7 7 4 7 1 1 7 7 4 7 1 1 7 7 4 7 1 1 
         2 5 2 2 5 8 8 8 5 8 2 2 2 5 8 2 5 5 5 2 2 5 8 8 
         0 6 6 3 6 0 6 6 3 6 0 0 3 0 0 3 6 6 0 3 6 0 3 3 
         5 2 8 2 8 5 2 8 2 8 5 8 2 8 2 8 5 8 2 8 2 8 5 8 
         3 3 3 3 0 6 0 6 0 6 3 6 3 3 3 0 6 0 6 0 6 3 0 3 
         4 7 1 7 4 1 1 7 1 7 4 7 7 1 7 4 1 4 4 4 4 1 7 1 
         5 2 8 2 8 5 5 5 5 2 8 2 5 5 5 2 8 2 5 5 5 2 8 2 
         3 3 3 3 0 6 3 3 3 0 6 0 6 0 6 3 0 3 0 6 0 6 3 6 
         4 7 1 7 4 1 4 4 4 1 7 1 1 7 1 7 4 7 7 1 7 4 1 4 
         5 2 8 2 8 5 8 2 8 5 2 5 8 2 8 5 2 5 8 2 8 5 2 5 
         3 3 3 3 0 6 6 0 6 3 0 3 0 6 0 6 3 6 3 3 3 0 6 0 
         4 7 1 7 4 1 7 1 7 4 1 4 4 4 4 1 7 1 1 7 1 7 4 7 
         7 1 1 4 7 7 1 1 4 7 7 4 1 1 4 7 7 4 1 1 4 7 7 4 
         8 5 8 8 2 2 2 2 5 8 8 5 5 8 8 2 2 8 8 5 2 5 5 2 
         6 6 3 0 3 3 0 0 3 6 6 3 6 3 0 3 3 0 3 6 6 0 0 6 
         7 1 1 4 7 7 4 7 7 1 1 7 4 7 7 1 1 7 4 7 7 1 1 7 
         8 5 8 8 2 2 5 8 8 2 2 8 8 5 2 5 5 2 2 2 5 8 8 5 
         6 6 3 0 3 3 3 6 6 0 0 6 0 0 3 6 6 3 6 3 0 3 3 0 
         7 1 1 4 7 7 7 4 1 4 4 1 7 4 1 4 4 1 7 4 1 4 4 1 
         8 5 8 8 2 2 8 5 2 5 5 2 2 2 5 8 8 5 5 8 8 2 2 8 
         6 6 3 0 3 3 6 3 0 3 3 0 3 6 6 0 0 6 0 0 3 6 6 3 

For the case n= 54 and m= 23 :
A_idx:  2 3 4 5 6 7 8 9 10 11 12 13 14 15 16 17 18 19 20 21 22 23 24 ; B_idx:  1 25 25 25 25 1 25 25 25 25 25 1 1 25 25 25 25 1 25 25 25 25 25 .
The number of empty cells :  954 ;  Variance :  0.6482213 ;
The pattern frequency: ( 0 0.02964427 0.1699605 0.09486166 0.7055336 ). 
The design D : 
         0 0 0 0 0 0 0 0 0 0 0 0 0 0 0 0 0 0 0 0 0 0 0 
         3 8 5 5 5 3 2 2 2 2 2 0 3 8 5 5 5 3 8 5 8 8 8 
         6 4 7 7 7 6 1 1 1 1 1 0 6 4 7 7 7 6 4 7 4 4 4 
         0 1 1 1 1 0 4 7 4 4 4 3 3 7 4 4 4 3 4 7 4 4 4 
         3 6 3 3 3 3 3 6 3 3 3 3 6 3 6 6 6 6 0 0 0 0 0 
         6 5 8 8 8 6 5 8 5 5 5 3 0 2 2 2 2 0 8 5 8 8 8 
         0 2 2 2 2 0 8 5 8 8 8 6 6 5 8 8 8 6 8 5 8 8 8 
         3 7 4 4 4 3 7 4 7 7 7 6 0 1 1 1 1 0 4 7 4 4 4 
         6 3 6 6 6 6 6 3 6 6 6 6 3 6 3 3 3 3 0 0 0 0 0 
         1 5 5 5 2 7 2 5 5 5 2 7 1 5 5 5 2 7 2 5 5 5 2 
         4 1 7 7 4 1 1 4 4 4 1 7 4 1 7 7 4 1 7 7 1 1 7 
         7 6 0 0 6 4 0 3 3 3 0 7 7 6 0 0 6 4 3 0 6 6 3 
         1 3 3 3 0 7 3 0 6 6 3 1 4 0 6 6 3 1 3 0 6 6 3 
         4 2 8 8 5 1 5 2 8 8 5 1 7 8 2 2 8 4 2 5 5 5 2 
         7 7 1 1 7 4 4 1 7 7 4 1 1 4 4 4 1 7 7 7 1 1 7 
         1 4 4 4 1 7 7 7 1 1 7 4 7 7 1 1 7 4 7 7 1 1 7 
         4 0 6 6 3 1 6 6 0 0 6 4 1 3 3 3 0 7 3 0 6 6 3 
         7 8 2 2 8 4 8 8 2 2 8 4 4 2 8 8 5 1 2 5 5 5 2 
         2 6 6 3 6 2 0 6 6 3 6 2 2 6 6 3 6 2 0 6 6 3 6 
         5 5 2 8 2 5 2 8 8 5 8 2 5 5 2 8 2 5 8 2 5 2 5 
         8 1 4 1 4 8 1 7 7 4 7 2 8 1 4 1 4 8 4 4 1 7 1 
         2 7 7 4 7 2 4 4 1 7 1 5 5 4 1 7 1 5 4 4 1 7 1 
         5 3 0 6 0 5 3 3 0 6 0 5 8 0 3 0 3 8 0 6 6 3 6 
         8 2 5 2 5 8 5 5 2 8 2 5 2 8 8 5 8 2 8 2 5 2 5 
         2 8 8 5 8 2 8 2 5 2 5 8 8 2 5 2 5 8 8 2 5 2 5 
         5 4 1 7 1 5 7 1 4 1 4 8 2 7 7 4 7 2 4 4 1 7 1 
         8 0 3 0 3 8 6 0 3 0 3 8 5 3 0 6 0 5 0 6 6 3 6 
         0 4 7 1 4 3 1 4 7 1 4 3 0 4 7 1 4 3 1 4 7 1 4 
         3 0 0 3 6 6 0 3 6 0 3 3 3 0 0 3 6 6 6 6 3 6 0 
         6 8 5 8 2 0 2 5 8 2 5 3 6 8 5 8 2 0 5 2 2 5 8 
         0 5 8 2 5 3 5 2 2 5 8 6 3 2 2 5 8 6 5 2 2 5 8 
         3 1 1 4 7 6 4 1 1 4 7 6 6 7 4 7 1 0 1 4 7 1 4 
         6 6 3 6 0 0 3 0 0 3 6 6 0 3 6 0 3 3 6 6 3 6 0 
         0 3 6 0 3 3 6 6 3 6 0 0 6 6 3 6 0 0 6 6 3 6 0 
         3 2 2 5 8 6 8 8 5 8 2 0 0 5 8 2 5 3 5 2 2 5 8 
         6 7 4 7 1 0 7 7 4 7 1 0 3 1 1 4 7 6 1 4 7 1 4 
         1 8 2 8 5 7 2 8 2 8 5 7 1 8 2 8 5 7 2 8 2 8 5 
         4 4 4 1 7 1 1 7 1 7 4 7 4 4 4 1 7 1 7 1 7 4 1 
         7 0 6 3 0 4 0 6 0 6 3 7 7 0 6 3 0 4 3 3 3 0 6 
         1 6 0 6 3 7 3 3 3 0 6 1 4 3 3 0 6 1 3 3 3 0 6 
         4 5 5 2 8 1 5 5 5 2 8 1 7 2 8 5 2 4 2 8 2 8 5 
         7 1 7 4 1 4 4 4 4 1 7 1 1 7 1 7 4 7 7 1 7 4 1 
         1 7 1 7 4 7 7 1 7 4 1 4 7 1 7 4 1 4 7 1 7 4 1 
         4 3 3 0 6 1 6 0 6 3 0 4 1 6 0 6 3 7 3 3 3 0 6 
         7 2 8 5 2 4 8 2 8 5 2 4 4 5 5 2 8 1 2 8 2 8 5 
         2 1 4 7 7 5 1 1 4 7 7 5 2 1 4 7 7 5 1 1 4 7 7 
         5 6 6 0 0 8 0 0 3 6 6 5 5 6 6 0 0 8 6 3 0 3 3 
         8 5 2 5 5 2 2 2 5 8 8 5 8 5 2 5 5 2 5 8 8 2 2 
         2 2 5 8 8 5 5 8 8 2 2 8 5 8 8 2 2 8 5 8 8 2 2 
         5 7 7 1 1 8 4 7 7 1 1 8 8 4 1 4 4 2 1 1 4 7 7 
         8 3 0 3 3 2 3 6 6 0 0 8 2 0 3 6 6 5 6 3 0 3 3 
         2 0 3 6 6 5 6 3 0 3 3 2 8 3 0 3 3 2 6 3 0 3 3 
         5 8 8 2 2 8 8 5 2 5 5 2 2 2 5 8 8 5 5 8 8 2 2 
         8 4 1 4 4 2 7 4 1 4 4 2 5 7 7 1 1 8 1 1 4 7 7 

For the case n= 54 and m= 22 :
A_idx:  1 2 5 6 7 8 9 10 11 12 13 14 15 16 17 18 19 20 21 23 24 25 ; B_idx:  4 4 22 22 22 22 4 3 4 4 4 22 4 3 3 3 3 22 4 4 4 4 .
The number of empty cells :  486 ;  Variance :  0.6623377 ;
The pattern frequency: ( 0 0 0.1168831 0.2142857 0.6688312 ). 
The design D : 
         0 0 0 0 0 0 0 0 0 0 0 0 0 0 0 0 0 0 0 0 0 0 
         1 4 5 5 5 2 1 2 1 1 1 5 7 5 5 5 5 8 4 7 7 7 
         2 8 7 7 7 1 2 1 2 2 2 7 5 7 7 7 7 4 8 5 5 5 
         0 0 1 1 1 4 6 3 3 3 3 4 6 3 3 3 3 4 6 3 3 3 
         1 4 3 3 3 3 7 5 4 4 4 6 4 8 8 8 8 0 1 1 1 1 
         2 8 8 8 8 5 8 4 5 5 5 2 2 1 1 1 1 8 5 8 8 8 
         0 0 2 2 2 8 3 6 6 6 6 8 3 6 6 6 6 8 3 6 6 6 
         1 4 4 4 4 7 4 8 7 7 7 1 1 2 2 2 2 4 7 4 4 4 
         2 8 6 6 6 6 5 7 8 8 8 3 8 4 4 4 4 0 2 2 2 2 
         4 1 4 1 7 1 4 4 4 1 7 1 4 4 4 1 7 1 4 4 1 7 
         5 5 6 3 0 0 5 3 5 2 8 3 2 6 6 3 0 6 8 2 8 5 
         3 6 2 8 5 2 3 5 3 0 6 8 6 2 2 8 5 5 0 6 3 0 
         4 1 5 2 8 5 1 7 7 4 1 5 1 7 7 4 1 5 1 7 4 1 
         5 5 7 4 1 4 2 6 8 5 2 7 8 0 0 6 3 1 5 5 2 8 
         3 6 0 6 3 3 0 8 6 3 0 0 3 5 5 2 8 6 6 0 6 3 
         4 1 3 0 6 6 7 1 1 7 4 6 7 1 1 7 4 6 7 1 7 4 
         5 5 8 5 2 8 8 0 2 8 5 2 5 3 3 0 6 5 2 8 5 2 
         3 6 1 7 4 7 6 2 0 6 3 4 0 8 8 5 2 1 3 3 0 6 
         8 2 5 8 2 2 8 8 5 8 2 2 8 8 5 8 2 2 8 5 8 2 
         6 3 7 1 4 1 6 7 3 6 0 4 3 1 7 1 4 7 0 0 3 6 
         7 7 0 3 6 0 7 6 4 7 1 6 1 3 0 3 6 3 4 7 1 4 
         8 2 3 6 0 3 5 2 8 2 5 3 5 2 8 2 5 3 5 8 2 5 
         6 3 8 2 5 5 3 1 6 0 3 8 0 4 1 4 7 2 6 3 6 0 
         7 7 1 4 7 4 4 0 7 1 4 1 7 6 3 6 0 7 1 1 4 7 
         8 2 4 7 1 7 2 5 2 5 8 7 2 5 2 5 8 7 2 2 5 8 
         6 3 6 0 3 6 0 4 0 3 6 0 6 7 4 7 1 3 3 6 0 3 
         7 7 2 5 8 8 1 3 1 4 7 5 4 0 6 0 3 2 7 4 7 1 
         2 2 2 5 5 2 5 7 2 5 5 2 5 7 1 4 4 2 5 2 5 5 
         0 3 4 7 7 1 3 6 0 3 3 4 0 0 3 6 6 7 6 6 0 0 
         1 7 6 0 0 0 4 8 1 4 4 6 7 5 8 2 2 3 1 4 7 7 
         2 2 0 3 3 3 2 1 5 8 8 3 2 1 4 7 7 3 2 5 8 8 
         0 3 5 8 8 5 0 0 3 6 6 8 6 3 6 0 0 2 3 0 3 3 
         1 7 7 1 1 4 1 2 4 7 7 1 4 8 2 5 5 7 7 7 1 1 
         2 2 1 4 4 7 8 4 8 2 2 7 8 4 7 1 1 7 8 8 2 2 
         0 3 3 6 6 6 6 3 6 0 0 0 3 6 0 3 3 3 0 3 6 6 
         1 7 8 2 2 8 7 5 7 1 1 5 1 2 5 8 8 2 4 1 4 4 
         3 0 6 3 6 0 6 2 6 3 6 0 6 2 8 5 8 0 6 6 3 6 
         4 4 2 8 2 2 7 1 7 4 7 5 4 4 1 7 1 8 1 4 1 4 
         5 8 4 1 4 1 8 0 8 5 8 7 2 6 3 0 3 4 5 2 8 2 
         3 0 7 4 7 4 3 5 0 6 0 4 3 5 2 8 2 4 3 0 6 0 
         4 4 0 6 0 3 4 4 1 7 1 6 1 7 4 1 4 0 7 7 4 7 
         5 8 5 2 5 5 5 3 2 8 2 2 8 0 6 3 6 8 2 5 2 5 
         3 0 8 5 8 8 0 8 3 0 3 8 0 8 5 2 5 8 0 3 0 3 
         4 4 1 7 1 7 1 7 4 1 4 1 7 1 7 4 7 4 4 1 7 1 
         5 8 3 0 3 6 2 6 5 2 5 3 5 3 0 6 0 0 8 8 5 8 
         7 1 7 7 4 1 1 3 7 7 4 1 1 3 6 6 3 1 1 7 7 4 
         8 5 0 0 6 0 2 5 8 8 5 3 8 8 2 2 8 6 5 5 5 2 
         6 6 5 5 2 2 0 4 6 6 3 8 3 1 4 4 1 5 6 0 0 6 
         7 1 8 8 5 5 7 6 1 1 7 5 7 6 0 0 6 5 7 1 1 7 
         8 5 1 1 7 4 8 8 2 2 8 7 5 2 5 5 2 1 2 8 8 5 
         6 6 3 3 0 3 6 7 0 0 6 0 0 4 7 7 4 6 3 3 3 0 
         7 1 6 6 3 6 4 0 4 4 1 6 4 0 3 3 0 6 4 4 4 1 
         8 5 2 2 8 8 5 2 5 5 2 2 2 5 8 8 5 5 8 2 2 8 
         6 6 4 4 1 7 3 1 3 3 0 4 6 7 1 1 7 1 0 6 6 3 

For the case n= 54 and m= 21 :
A_idx:  2 3 4 5 6 8 9 10 11 12 13 14 15 16 17 18 21 22 23 24 25 ; B_idx:  7 19 19 19 19 19 7 7 7 7 20 19 7 7 7 7 7 7 7 7 20 .
The number of empty cells :  360 ;  Variance :  0.647619 ;
The pattern frequency: ( 0 0 0.0952381 0.2285714 0.6761905 ). 
The design D : 
         0 0 0 0 0 0 0 0 0 0 0 0 0 0 0 0 0 0 0 0 0 
         4 7 4 4 4 1 1 1 1 1 2 4 7 4 4 4 4 7 7 7 8 
         8 5 8 8 8 2 2 2 2 2 1 8 5 8 8 8 8 5 5 5 4 
         0 1 1 1 1 4 6 3 3 3 4 4 6 3 3 3 6 3 3 3 4 
         4 8 5 5 5 5 7 4 4 4 3 8 4 7 7 7 1 1 1 1 0 
         8 3 6 6 6 3 8 5 5 5 5 0 2 2 2 2 5 8 8 8 8 
         0 2 2 2 2 8 3 6 6 6 8 8 3 6 6 6 3 6 6 6 8 
         4 6 3 3 3 6 4 7 7 7 7 0 1 1 1 1 7 4 4 4 4 
         8 4 7 7 7 7 5 8 8 8 6 4 8 5 5 5 2 2 2 2 0 
         2 5 5 5 2 2 5 5 5 2 6 2 5 5 5 2 5 5 5 2 6 
         3 0 6 6 3 0 3 3 3 0 8 3 0 6 6 3 6 0 0 6 5 
         7 7 1 1 7 1 4 4 4 1 7 7 7 1 1 7 1 7 7 4 1 
         2 3 3 3 0 3 2 8 8 5 1 3 2 8 8 5 2 8 8 5 1 
         3 1 7 7 4 4 0 6 6 3 0 7 6 0 0 6 3 3 3 0 6 
         7 8 2 2 8 5 1 7 7 4 2 2 4 4 4 1 7 1 1 7 5 
         2 4 4 4 1 7 8 2 2 8 5 7 8 2 2 8 8 2 2 8 5 
         3 2 8 8 5 8 6 0 0 6 4 2 3 3 3 0 0 6 6 3 1 
         7 6 0 0 6 6 7 1 1 7 3 3 1 7 7 4 4 4 4 1 6 
         0 6 6 3 6 0 6 6 3 6 0 0 6 6 3 6 6 6 3 6 0 
         4 4 1 7 1 1 7 7 4 7 2 4 4 1 7 1 1 4 1 4 8 
         8 2 5 2 5 2 8 8 5 8 1 8 2 5 2 5 5 2 8 2 4 
         0 7 7 4 7 4 3 0 6 0 4 4 3 0 6 0 3 0 6 0 4 
         4 5 2 8 2 5 4 1 7 1 3 8 1 4 1 4 7 7 4 7 0 
         8 0 3 0 3 3 5 2 8 2 5 0 8 8 5 8 2 5 2 5 8 
         0 8 8 5 8 8 0 3 0 3 8 8 0 3 0 3 0 3 0 3 8 
         4 3 0 6 0 6 1 4 1 4 7 0 7 7 4 7 4 1 7 1 4 
         8 1 4 1 4 7 2 5 2 5 6 4 5 2 8 2 8 8 5 8 0 
         1 4 7 1 4 1 4 7 1 4 3 1 4 7 1 4 4 7 1 4 3 
         5 2 2 5 8 2 5 8 2 5 5 5 2 2 5 8 8 5 8 2 2 
         6 6 3 6 0 0 3 6 0 3 4 6 6 3 6 0 0 0 3 6 7 
         1 5 8 2 5 5 1 1 4 7 7 5 1 1 4 7 1 1 4 7 7 
         5 0 0 3 6 3 2 2 5 8 6 6 8 5 8 2 5 8 2 5 3 
         6 7 4 7 1 4 0 0 3 6 8 1 3 6 0 3 6 3 6 0 2 
         1 3 6 0 3 6 7 4 7 1 2 6 7 4 7 1 7 4 7 1 2 
         5 1 1 4 7 7 8 5 8 2 1 1 5 8 2 5 2 2 5 8 7 
         6 8 5 8 2 8 6 3 6 0 0 5 0 0 3 6 3 6 0 3 3 
         2 8 2 8 5 2 8 2 8 5 6 2 8 2 8 5 8 2 8 5 6 
         3 3 3 0 6 0 6 0 6 3 8 3 3 3 0 6 0 6 3 0 5 
         7 1 7 4 1 1 7 1 7 4 7 7 1 7 4 1 4 4 1 7 1 
         2 6 0 6 3 3 5 5 2 8 1 3 5 5 2 8 5 5 2 8 1 
         3 4 4 1 7 4 3 3 0 6 0 7 0 6 3 0 6 0 6 3 6 
         7 2 8 5 2 5 4 4 1 7 2 2 7 1 7 4 1 7 4 1 5 
         2 7 1 7 4 7 2 8 5 2 5 7 2 8 5 2 2 8 5 2 5 
         3 5 5 2 8 8 0 6 3 0 4 2 6 0 6 3 3 3 0 6 1 
         7 0 6 3 0 6 1 7 4 1 3 3 4 4 1 7 7 1 7 4 6 
         1 1 4 7 7 1 1 4 7 7 3 1 1 4 7 7 1 4 7 7 3 
         5 8 8 2 2 2 2 5 8 8 5 5 8 8 2 2 5 2 5 5 2 
         6 3 0 3 3 0 0 3 6 6 4 6 3 0 3 3 6 6 0 0 7 
         1 2 5 8 8 5 7 7 1 1 7 5 7 7 1 1 7 7 1 1 7 
         5 6 6 0 0 3 8 8 2 2 6 6 5 2 5 5 2 5 8 8 3 
         6 4 1 4 4 4 6 6 0 0 8 1 0 3 6 6 3 0 3 3 2 
         1 0 3 6 6 6 4 1 4 4 2 6 4 1 4 4 4 1 4 4 2 
         5 7 7 1 1 7 5 2 5 5 1 1 2 5 8 8 8 8 2 2 7 
         6 5 2 5 5 8 3 0 3 3 0 5 6 6 0 0 0 3 6 6 3 

For the case n= 54 and m= 20 :
A_idx:  1 2 5 6 7 8 9 10 11 12 13 15 17 18 19 21 22 23 24 25 ; B_idx:  4 4 16 16 16 16 4 3 3 3 3 4 4 4 4 4 3 4 4 4 .
The number of empty cells :  270 ;  Variance :  0.6789474 ;
The pattern frequency: ( 0 0 0.07894737 0.2605263 0.6605263 ). 
The design D : 
         0 0 0 0 0 0 0 0 0 0 0 0 0 0 0 0 0 0 0 0 
         1 4 4 4 4 1 1 2 2 2 2 7 4 4 4 4 8 7 7 7 
         2 8 8 8 8 2 2 1 1 1 1 5 8 8 8 8 4 5 5 5 
         0 0 1 1 1 4 6 3 3 3 3 6 3 3 3 6 3 3 3 3 
         1 4 5 5 5 5 7 5 5 5 5 4 7 7 7 1 2 1 1 1 
         2 8 6 6 6 3 8 4 4 4 4 2 2 2 2 5 7 8 8 8 
         0 0 2 2 2 8 3 6 6 6 6 3 6 6 6 3 6 6 6 6 
         1 4 3 3 3 6 4 8 8 8 8 1 1 1 1 7 5 4 4 4 
         2 8 7 7 7 7 5 7 7 7 7 8 5 5 5 2 1 2 2 2 
         4 1 4 1 7 1 4 4 4 1 7 4 4 1 7 4 4 4 1 7 
         5 5 8 5 2 2 5 3 3 0 6 2 8 5 2 8 0 2 8 5 
         3 6 0 6 3 0 3 5 5 2 8 6 0 6 3 0 8 6 3 0 
         4 1 5 2 8 5 1 7 7 4 1 1 7 4 1 1 7 7 4 1 
         5 5 6 3 0 3 2 6 6 3 0 8 2 8 5 5 3 5 2 8 
         3 6 1 7 4 4 0 8 8 5 2 3 3 0 6 6 2 0 6 3 
         4 1 3 0 6 6 7 1 1 7 4 7 1 7 4 7 1 1 7 4 
         5 5 7 4 1 7 8 0 0 6 3 5 5 2 8 2 6 8 5 2 
         3 6 2 8 5 8 6 2 2 8 5 0 6 3 0 3 5 3 0 6 
         8 2 5 8 2 2 8 8 5 8 2 8 5 8 2 8 8 5 8 2 
         6 3 6 0 3 0 6 7 4 7 1 3 6 0 3 0 4 0 3 6 
         7 7 1 4 7 1 7 6 3 6 0 1 1 4 7 4 0 7 1 4 
         8 2 3 6 0 3 5 2 8 2 5 5 8 2 5 5 2 8 2 5 
         6 3 7 1 4 4 3 1 7 1 4 0 0 3 6 6 7 3 6 0 
         7 7 2 5 8 5 4 0 6 0 3 7 4 7 1 1 3 1 4 7 
         8 2 4 7 1 7 2 5 2 5 8 2 2 5 8 2 5 2 5 8 
         6 3 8 2 5 8 0 4 1 4 7 6 3 6 0 3 1 6 0 3 
         7 7 0 3 6 6 1 3 0 3 6 4 7 1 4 7 6 4 7 1 
         2 2 2 5 5 2 5 7 1 4 4 5 2 5 5 5 7 2 5 5 
         0 3 3 6 6 0 3 6 0 3 3 0 3 6 6 6 3 6 0 0 
         1 7 7 1 1 1 4 8 2 5 5 7 7 1 1 1 2 4 7 7 
         2 2 0 3 3 3 2 1 4 7 7 2 5 8 8 2 1 5 8 8 
         0 3 4 7 7 4 0 0 3 6 6 6 6 0 0 3 6 0 3 3 
         1 7 8 2 2 5 1 2 5 8 8 4 1 4 4 7 5 7 1 1 
         2 2 1 4 4 7 8 4 7 1 1 8 8 2 2 8 4 8 2 2 
         0 3 5 8 8 8 6 3 6 0 0 3 0 3 3 0 0 3 6 6 
         1 7 6 0 0 6 7 5 8 2 2 1 4 7 7 4 8 1 4 4 
         3 0 6 3 6 0 6 2 8 5 8 6 6 3 6 6 2 6 3 6 
         4 4 1 7 1 1 7 1 7 4 7 4 1 7 1 1 7 4 1 4 
         5 8 5 2 5 2 8 0 6 3 6 2 5 2 5 5 3 2 8 2 
         3 0 7 4 7 4 3 5 2 8 2 3 0 6 0 3 5 0 6 0 
         4 4 2 8 2 5 4 4 1 7 1 1 4 1 4 7 1 7 4 7 
         5 8 3 0 3 3 5 3 0 6 0 8 8 5 8 2 6 5 2 5 
         3 0 8 5 8 8 0 8 5 2 5 0 3 0 3 0 8 3 0 3 
         4 4 0 6 0 6 1 7 4 1 4 7 7 4 7 4 4 1 7 1 
         5 8 4 1 4 7 2 6 3 0 3 5 2 8 2 8 0 8 5 8 
         7 1 7 7 4 1 1 3 6 6 3 1 7 7 4 1 3 7 7 4 
         8 5 2 2 8 2 2 5 8 8 5 8 2 2 8 5 2 5 5 2 
         6 6 3 3 0 0 0 4 7 7 4 3 3 3 0 6 7 0 0 6 
         7 1 8 8 5 5 7 6 0 0 6 7 1 1 7 7 6 1 1 7 
         8 5 0 0 6 3 8 8 2 2 8 5 5 5 2 2 5 8 8 5 
         6 6 4 4 1 4 6 7 1 1 7 0 6 6 3 3 1 3 3 0 
         7 1 6 6 3 6 4 0 3 3 0 4 4 4 1 4 0 4 4 1 
         8 5 1 1 7 7 5 2 5 5 2 2 8 8 5 8 8 2 2 8 
         6 6 5 5 2 8 3 1 4 4 1 6 0 0 6 0 4 6 6 3 

For the case n= 54 and m= 19 :
A_idx:  1 2 5 6 7 9 10 11 12 13 15 16 17 18 19 21 23 24 25 ; B_idx:  4 20 22 22 22 4 3 4 4 4 4 3 3 3 3 4 4 4 4 .
The number of empty cells :  153 ;  Variance :  0.6783626 ;
The pattern frequency: ( 0 0 0.0497076 0.2894737 0.6608187 ). 
The design D : 
         0 0 0 0 0 0 0 0 0 0 0 0 0 0 0 0 0 0 0 
         1 5 5 5 5 1 2 1 1 1 7 5 5 5 5 4 7 7 7 
         2 7 7 7 7 2 1 2 2 2 5 7 7 7 7 8 5 5 5 
         0 1 1 1 1 6 3 3 3 3 6 3 3 3 3 6 3 3 3 
         1 3 3 3 3 7 5 4 4 4 4 8 8 8 8 1 1 1 1 
         2 8 8 8 8 8 4 5 5 5 2 1 1 1 1 5 8 8 8 
         0 2 2 2 2 3 6 6 6 6 3 6 6 6 6 3 6 6 6 
         1 4 4 4 4 4 8 7 7 7 1 2 2 2 2 7 4 4 4 
         2 6 6 6 6 5 7 8 8 8 8 4 4 4 4 2 2 2 2 
         4 0 4 1 7 4 4 4 1 7 4 4 4 1 7 4 4 1 7 
         5 5 6 3 0 5 3 5 2 8 2 6 6 3 0 8 2 8 5 
         3 7 2 8 5 3 5 3 0 6 6 2 2 8 5 0 6 3 0 
         4 1 5 2 8 1 7 7 4 1 1 7 7 4 1 1 7 4 1 
         5 3 7 4 1 2 6 8 5 2 8 0 0 6 3 5 5 2 8 
         3 8 0 6 3 0 8 6 3 0 3 5 5 2 8 6 0 6 3 
         4 2 3 0 6 7 1 1 7 4 7 1 1 7 4 7 1 7 4 
         5 4 8 5 2 8 0 2 8 5 5 3 3 0 6 2 8 5 2 
         3 6 1 7 4 6 2 0 6 3 0 8 8 5 2 3 3 0 6 
         8 0 5 8 2 8 8 5 8 2 8 8 5 8 2 8 5 8 2 
         6 5 7 1 4 6 7 3 6 0 3 1 7 1 4 0 0 3 6 
         7 7 0 3 6 7 6 4 7 1 1 3 0 3 6 4 7 1 4 
         8 1 3 6 0 5 2 8 2 5 5 2 8 2 5 5 8 2 5 
         6 3 8 2 5 3 1 6 0 3 0 4 1 4 7 6 3 6 0 
         7 8 1 4 7 4 0 7 1 4 7 6 3 6 0 1 1 4 7 
         8 2 4 7 1 2 5 2 5 8 2 5 2 5 8 2 2 5 8 
         6 4 6 0 3 0 4 0 3 6 6 7 4 7 1 3 6 0 3 
         7 6 2 5 8 1 3 1 4 7 4 0 6 0 3 7 4 7 1 
         2 0 2 5 5 5 7 2 5 5 5 7 1 4 4 5 2 5 5 
         0 5 4 7 7 3 6 0 3 3 0 0 3 6 6 6 6 0 0 
         1 7 6 0 0 4 8 1 4 4 7 5 8 2 2 1 4 7 7 
         2 1 0 3 3 2 1 5 8 8 2 1 4 7 7 2 5 8 8 
         0 3 5 8 8 0 0 3 6 6 6 3 6 0 0 3 0 3 3 
         1 8 7 1 1 1 2 4 7 7 4 8 2 5 5 7 7 1 1 
         2 2 1 4 4 8 4 8 2 2 8 4 7 1 1 8 8 2 2 
         0 4 3 6 6 6 3 6 0 0 3 6 0 3 3 0 3 6 6 
         1 6 8 2 2 7 5 7 1 1 1 2 5 8 8 4 1 4 4 
         3 0 6 3 6 6 2 6 3 6 6 2 8 5 8 6 6 3 6 
         4 5 2 8 2 7 1 7 4 7 4 4 1 7 1 1 4 1 4 
         5 7 4 1 4 8 0 8 5 8 2 6 3 0 3 5 2 8 2 
         3 1 7 4 7 3 5 0 6 0 3 5 2 8 2 3 0 6 0 
         4 3 0 6 0 4 4 1 7 1 1 7 4 1 4 7 7 4 7 
         5 8 5 2 5 5 3 2 8 2 8 0 6 3 6 2 5 2 5 
         3 2 8 5 8 0 8 3 0 3 0 8 5 2 5 0 3 0 3 
         4 4 1 7 1 1 7 4 1 4 7 1 7 4 7 4 1 7 1 
         5 6 3 0 3 2 6 5 2 5 5 3 0 6 0 8 8 5 8 
         7 0 7 7 4 1 3 7 7 4 1 3 6 6 3 1 7 7 4 
         8 5 0 0 6 2 5 8 8 5 8 8 2 2 8 5 5 5 2 
         6 7 5 5 2 0 4 6 6 3 3 1 4 4 1 6 0 0 6 
         7 1 8 8 5 7 6 1 1 7 7 6 0 0 6 7 1 1 7 
         8 3 1 1 7 8 8 2 2 8 5 2 5 5 2 2 8 8 5 
         6 8 3 3 0 6 7 0 0 6 0 4 7 7 4 3 3 3 0 
         7 2 6 6 3 4 0 4 4 1 4 0 3 3 0 4 4 4 1 
         8 4 2 2 8 5 2 5 5 2 2 5 8 8 5 8 2 2 8 
         6 6 4 4 1 3 1 3 3 0 6 7 1 1 7 0 6 6 3 

For the case n= 54 and m= 18 :
A_idx:  1 2 3 5 6 7 8 9 11 12 13 15 17 18 19 23 24 25 ; B_idx:  22 22 10 16 16 16 16 4 4 4 4 4 4 4 4 4 4 4 .
The number of empty cells :  108 ;  Variance :  0.6078431 ;
The pattern frequency: ( 0 0 0.03921569 0.2647059 0.6960784 ). 
The design D : 
         0 0 0 0 0 0 0 0 0 0 0 0 0 0 0 0 0 0 
         2 5 6 4 4 4 1 1 1 1 1 7 4 4 4 7 7 7 
         1 7 3 8 8 8 2 2 2 2 2 5 8 8 8 5 5 5 
         1 1 1 1 1 1 4 6 3 3 3 6 3 3 3 3 3 3 
         0 3 7 5 5 5 5 7 4 4 4 4 7 7 7 1 1 1 
         2 8 4 6 6 6 3 8 5 5 5 2 2 2 2 8 8 8 
         2 2 2 2 2 2 8 3 6 6 6 3 6 6 6 6 6 6 
         1 4 8 3 3 3 6 4 7 7 7 1 1 1 1 4 4 4 
         0 6 5 7 7 7 7 5 8 8 8 8 5 5 5 2 2 2 
         4 1 4 4 1 7 1 4 4 1 7 4 4 1 7 4 1 7 
         3 3 1 8 5 2 2 5 5 2 8 2 8 5 2 2 8 5 
         5 8 7 0 6 3 0 3 3 0 6 6 0 6 3 6 3 0 
         5 2 5 5 2 8 5 1 7 4 1 1 7 4 1 7 4 1 
         4 4 2 6 3 0 3 2 8 5 2 8 2 8 5 5 2 8 
         3 6 8 1 7 4 4 0 6 3 0 3 3 0 6 0 6 3 
         3 0 3 3 0 6 6 7 1 7 4 7 1 7 4 1 7 4 
         5 5 0 7 4 1 7 8 2 8 5 5 5 2 8 8 5 2 
         4 7 6 2 8 5 8 6 0 6 3 0 6 3 0 3 0 6 
         8 2 8 5 8 2 2 8 5 8 2 8 5 8 2 5 8 2 
         7 4 5 6 0 3 0 6 3 6 0 3 6 0 3 0 3 6 
         6 6 2 1 4 7 1 7 4 7 1 1 1 4 7 7 1 4 
         6 0 6 3 6 0 3 5 8 2 5 5 8 2 5 8 2 5 
         8 5 3 7 1 4 4 3 6 0 3 0 0 3 6 3 6 0 
         7 7 0 2 5 8 5 4 7 1 4 7 4 7 1 1 4 7 
         7 1 7 4 7 1 7 2 2 5 8 2 2 5 8 2 5 8 
         6 3 4 8 2 5 8 0 0 3 6 6 3 6 0 6 0 3 
         8 8 1 0 3 6 6 1 1 4 7 4 7 1 4 4 7 1 
         2 2 5 2 5 5 2 5 2 5 5 5 2 5 5 2 5 5 
         1 4 2 3 6 6 0 3 0 3 3 0 3 6 6 6 0 0 
         0 6 8 7 1 1 1 4 1 4 4 7 7 1 1 4 7 7 
         0 0 3 0 3 3 3 2 5 8 8 2 5 8 8 5 8 8 
         2 5 0 4 7 7 4 0 3 6 6 6 6 0 0 0 3 3 
         1 7 6 8 2 2 5 1 4 7 7 4 1 4 4 7 1 1 
         1 1 4 1 4 4 7 8 8 2 2 8 8 2 2 8 2 2 
         0 3 1 5 8 8 8 6 6 0 0 3 0 3 3 3 6 6 
         2 8 7 6 0 0 6 7 7 1 1 1 4 7 7 1 4 4 
         3 0 6 6 3 6 0 6 6 3 6 6 6 3 6 6 3 6 
         5 5 3 1 7 1 1 7 7 4 7 4 1 7 1 4 1 4 
         4 7 0 5 2 5 2 8 8 5 8 2 5 2 5 2 8 2 
         4 1 7 7 4 7 4 3 0 6 0 3 0 6 0 0 6 0 
         3 3 4 2 8 2 5 4 1 7 1 1 4 1 4 7 4 7 
         5 8 1 3 0 3 3 5 2 8 2 8 8 5 8 5 2 5 
         5 2 8 8 5 8 8 0 3 0 3 0 3 0 3 3 0 3 
         4 4 5 0 6 0 6 1 4 1 4 7 7 4 7 1 7 1 
         3 6 2 4 1 4 7 2 5 2 5 5 2 8 2 8 5 8 
         7 1 1 7 7 4 1 1 7 7 4 1 7 7 4 7 7 4 
         6 3 7 2 2 8 2 2 8 8 5 8 2 2 8 5 5 2 
         8 8 4 3 3 0 0 0 6 6 3 3 3 3 0 0 0 6 
         8 2 2 8 8 5 5 7 1 1 7 7 1 1 7 1 1 7 
         7 4 8 0 0 6 3 8 2 2 8 5 5 5 2 8 8 5 
         6 6 5 4 4 1 4 6 0 0 6 0 6 6 3 3 3 0 
         6 0 0 6 6 3 6 4 4 4 1 4 4 4 1 4 4 1 
         8 5 6 1 1 7 7 5 5 5 2 2 8 8 5 2 2 8 
         7 7 3 5 5 2 8 3 3 3 0 6 0 0 6 6 6 3 

For the case n= 54 and m= 17 :
A_idx:  2 3 4 5 6 9 10 11 12 15 16 17 18 21 22 23 24 ; B_idx:  25 25 25 25 25 7 7 7 7 7 7 7 7 7 7 7 7 .
The number of empty cells :  36 ;  Variance :  0.7352941 ;
The pattern frequency: ( 0 0 0.01470588 0.3529412 0.6323529 ). 
The design D : 
         0 0 0 0 0 0 0 0 0 0 0 0 0 0 0 0 0 
         5 8 5 5 5 1 1 1 1 7 4 4 4 4 7 7 7 
         7 4 7 7 7 2 2 2 2 5 8 8 8 8 5 5 5 
         1 1 1 1 1 6 3 3 3 6 3 3 3 6 3 3 3 
         3 6 3 3 3 7 4 4 4 4 7 7 7 1 1 1 1 
         8 5 8 8 8 8 5 5 5 2 2 2 2 5 8 8 8 
         2 2 2 2 2 3 6 6 6 3 6 6 6 3 6 6 6 
         4 7 4 4 4 4 7 7 7 1 1 1 1 7 4 4 4 
         6 3 6 6 6 5 8 8 8 8 5 5 5 2 2 2 2 
         2 5 5 5 2 5 5 5 2 5 5 5 2 5 5 5 2 
         4 1 7 7 4 3 3 3 0 0 6 6 3 6 0 0 6 
         6 6 0 0 6 4 4 4 1 7 1 1 7 1 7 7 4 
         0 3 3 3 0 2 8 8 5 2 8 8 5 2 8 8 5 
         5 2 8 8 5 0 6 6 3 6 0 0 6 3 3 3 0 
         7 7 1 1 7 1 7 7 4 4 4 4 1 7 1 1 7 
         1 4 4 4 1 8 2 2 8 8 2 2 8 8 2 2 8 
         3 0 6 6 3 6 0 0 6 3 3 3 0 0 6 6 3 
         8 8 2 2 8 7 1 1 7 1 7 7 4 4 4 4 1 
         0 6 6 3 6 6 6 3 6 6 6 3 6 6 6 3 6 
         5 5 2 8 2 7 7 4 7 4 1 7 1 1 4 1 4 
         7 1 4 1 4 8 8 5 8 2 5 2 5 5 2 8 2 
         1 7 7 4 7 3 0 6 0 3 0 6 0 3 0 6 0 
         3 3 0 6 0 4 1 7 1 1 4 1 4 7 7 4 7 
         8 2 5 2 5 5 2 8 2 8 8 5 8 2 5 2 5 
         2 8 8 5 8 0 3 0 3 0 3 0 3 0 3 0 3 
         4 4 1 7 1 1 4 1 4 7 7 4 7 4 1 7 1 
         6 0 3 0 3 2 5 2 5 5 2 8 2 8 8 5 8 
         1 4 7 1 4 4 7 1 4 4 7 1 4 4 7 1 4 
         3 0 0 3 6 5 8 2 5 2 2 5 8 8 5 8 2 
         8 8 5 8 2 3 6 0 3 6 3 6 0 0 0 3 6 
         2 5 8 2 5 1 1 4 7 1 1 4 7 1 1 4 7 
         4 1 1 4 7 2 2 5 8 8 5 8 2 5 8 2 5 
         6 6 3 6 0 0 0 3 6 3 6 0 3 6 3 6 0 
         0 3 6 0 3 7 4 7 1 7 4 7 1 7 4 7 1 
         5 2 2 5 8 8 5 8 2 5 8 2 5 2 2 5 8 
         7 7 4 7 1 6 3 6 0 0 0 3 6 3 6 0 3 
         2 8 2 8 5 8 2 8 5 8 2 8 5 8 2 8 5 
         4 4 4 1 7 6 0 6 3 3 3 0 6 0 6 3 0 
         6 0 6 3 0 7 1 7 4 1 7 4 1 4 4 1 7 
         0 6 0 6 3 5 5 2 8 5 5 2 8 5 5 2 8 
         5 5 5 2 8 3 3 0 6 0 6 3 0 6 0 6 3 
         7 1 7 4 1 4 4 1 7 7 1 7 4 1 7 4 1 
         1 7 1 7 4 2 8 5 2 2 8 5 2 2 8 5 2 
         3 3 3 0 6 0 6 3 0 6 0 6 3 3 3 0 6 
         8 2 8 5 2 1 7 4 1 4 4 1 7 7 1 7 4 
         1 1 4 7 7 1 4 7 7 1 4 7 7 1 4 7 7 
         3 6 6 0 0 2 5 8 8 8 8 2 2 5 2 5 5 
         8 5 2 5 5 0 3 6 6 3 0 3 3 6 6 0 0 
         2 2 5 8 8 7 7 1 1 7 7 1 1 7 7 1 1 
         4 7 7 1 1 8 8 2 2 5 2 5 5 2 5 8 8 
         6 3 0 3 3 6 6 0 0 0 3 6 6 3 0 3 3 
         0 0 3 6 6 4 1 4 4 4 1 4 4 4 1 4 4 
         5 8 8 2 2 5 2 5 5 2 5 8 8 8 8 2 2 
         7 4 1 4 4 3 0 3 3 6 6 0 0 0 3 6 6

For the case n= 54 and m= 16 :
A_idx:  1 3 4 5 6 8 9 10 11 12 15 16 17 18 19 21 ; B_idx:  25 13 13 13 13 20 7 7 7 7 13 7 7 7 25 25 .
The number of empty cells :  27 ;  Variance :  0.4 
The pattern frequency: ( 0 0 0.0125 0.1875 0.8 ). 
The design D : 
         0 0 0 0 0 0 0 0 0 0 0 0 0 0 0 0 
         2 6 3 3 3 2 1 1 1 1 6 4 4 4 5 5 
         1 3 6 6 6 1 2 2 2 2 3 8 8 8 7 7 
         1 1 1 1 1 4 6 3 3 3 7 3 3 3 4 7 
         0 7 4 4 4 3 7 4 4 4 4 7 7 7 6 0 
         2 4 7 7 7 5 8 5 5 5 1 2 2 2 2 5 
         2 2 2 2 2 8 3 6 6 6 5 6 6 6 8 5 
         1 8 5 5 5 7 4 7 7 7 2 1 1 1 1 7 
         0 5 8 8 8 6 5 8 8 8 8 5 5 5 3 0 
         5 5 5 5 2 0 5 5 5 2 5 5 5 2 8 5 
         4 2 8 8 5 2 3 3 3 0 2 6 6 3 1 7 
         3 8 2 2 8 1 4 4 4 1 8 1 1 7 3 0 
         3 3 3 3 0 4 2 8 8 5 0 8 8 5 0 0 
         5 0 6 6 3 3 0 6 6 3 6 0 0 6 5 5 
         4 6 0 0 6 5 1 7 7 4 3 4 4 1 7 7 
         4 4 4 4 1 8 8 2 2 8 7 2 2 8 4 7 
         3 1 7 7 4 7 6 0 0 6 4 3 3 0 6 0 
         5 7 1 1 7 6 7 1 1 7 1 7 7 4 2 5 
         6 6 6 3 6 0 6 6 3 6 6 6 3 6 0 6 
         8 3 0 6 0 2 7 7 4 7 3 1 7 1 5 2 
         7 0 3 0 3 1 8 8 5 8 0 5 2 5 7 4 
         7 7 7 4 7 4 3 0 6 0 4 0 6 0 4 4 
         6 4 1 7 1 3 4 1 7 1 1 4 1 4 6 6 
         8 1 4 1 4 5 5 2 8 2 7 8 5 8 2 2 
         8 8 8 5 8 8 0 3 0 3 2 3 0 3 8 2 
         7 5 2 8 2 7 1 4 1 4 8 7 4 7 1 4 
         6 2 5 2 5 6 2 5 2 5 5 2 8 2 3 6 
         1 4 7 1 4 0 4 7 1 4 4 7 1 4 4 4 
         0 1 1 4 7 2 5 8 2 5 1 2 5 8 6 6 
         2 7 4 7 1 1 3 6 0 3 7 3 6 0 2 2 
         2 5 8 2 5 4 1 1 4 7 2 1 4 7 8 2 
         1 2 2 5 8 3 2 2 5 8 8 5 8 2 1 4 
         0 8 5 8 2 5 0 0 3 6 5 6 0 3 3 6 
         0 3 6 0 3 8 7 4 7 1 6 4 7 1 0 6 
         2 0 0 3 6 7 8 5 8 2 3 8 2 5 5 2 
         1 6 3 6 0 6 6 3 6 0 0 0 3 6 7 4 
         5 8 2 8 5 0 8 2 8 5 8 2 8 5 8 8 
         4 5 5 2 8 2 6 0 6 3 5 3 0 6 1 1 
         3 2 8 5 2 1 7 1 7 4 2 7 4 1 3 3 
         3 6 0 6 3 4 5 5 2 8 3 5 2 8 0 3 
         5 3 3 0 6 3 3 3 0 6 0 6 3 0 5 8 
         4 0 6 3 0 5 4 4 1 7 6 1 7 4 7 1 
         4 7 1 7 4 8 2 8 5 2 1 8 5 2 4 1 
         3 4 4 1 7 7 0 6 3 0 7 0 6 3 6 3 
         5 1 7 4 1 6 1 7 4 1 4 4 1 7 2 8 
         7 1 4 7 7 0 1 4 7 7 1 4 7 7 4 1 
         6 7 7 1 1 2 2 5 8 8 7 8 2 2 6 3 
         8 4 1 4 4 1 0 3 6 6 4 0 3 3 2 8 
         8 2 5 8 8 4 7 7 1 1 8 7 1 1 8 8 
         7 8 8 2 2 3 8 8 2 2 5 2 5 5 1 1 
         6 5 2 5 5 5 6 6 0 0 2 3 6 6 3 3 
         6 0 3 6 6 8 4 1 4 4 3 1 4 4 0 3 
         8 6 6 0 0 7 5 2 5 5 0 5 8 8 5 8 
         7 3 0 3 3 6 3 0 3 3 6 6 0 0 7 1

For the case n= 54 and m= 15 :
A_idx:  1 2 4 5 6 7 8 10 11 12 13 16 17 18 19 ; B_idx:  20 9 9 9 9 9 3 3 3 3 3 9 9 9 9 .
The number of empty cells :  0 ;  Variance :  0.3428571 
The pattern frequency: ( 0 0 0 0.1714286 0.8285714 ). 
The design D : 
         0 0 0 0 0 0 0 0 0 0 0 0 0 0 0 
         2 3 3 3 3 3 2 2 2 2 2 3 3 3 3 
         1 6 6 6 6 6 1 1 1 1 1 6 6 6 6 
         1 2 2 2 2 2 3 3 3 3 3 5 5 5 5 
         0 5 5 5 5 5 5 5 5 5 5 8 8 8 8 
         2 8 8 8 8 8 4 4 4 4 4 2 2 2 2 
         2 1 1 1 1 1 6 6 6 6 6 7 7 7 7 
         1 4 4 4 4 4 8 8 8 8 8 1 1 1 1 
         0 7 7 7 7 7 7 7 7 7 7 4 4 4 4 
         3 1 4 4 1 7 1 4 4 1 7 4 4 1 7 
         5 4 7 7 4 1 0 3 3 0 6 7 7 4 1 
         4 7 1 1 7 4 2 5 5 2 8 1 1 7 4 
         4 0 3 3 0 6 4 7 7 4 1 6 6 3 0 
         3 3 6 6 3 0 3 6 6 3 0 0 0 6 3 
         5 6 0 0 6 3 5 8 8 5 2 3 3 0 6 
         5 2 5 5 2 8 7 1 1 7 4 2 2 8 5 
         4 5 8 8 5 2 6 0 0 6 3 5 5 2 8 
         3 8 2 2 8 5 8 2 2 8 5 8 8 5 2 
         6 2 8 5 8 2 2 8 5 8 2 8 5 8 2 
         8 5 2 8 2 5 1 7 4 7 1 2 8 2 5 
         7 8 5 2 5 8 0 6 3 6 0 5 2 5 8 
         7 1 7 4 7 1 5 2 8 2 5 1 7 1 4 
         6 4 1 7 1 4 4 1 7 1 4 4 1 4 7 
         8 7 4 1 4 7 3 0 6 0 3 7 4 7 1 
         8 0 6 3 6 0 8 5 2 5 8 3 0 3 6 
         7 3 0 6 0 3 7 4 1 4 7 6 3 6 0 
         6 6 3 0 3 6 6 3 0 3 6 0 6 0 3 
         0 1 7 1 4 4 1 7 1 4 4 7 1 4 4 
         2 4 1 4 7 7 0 6 0 3 3 1 4 7 7 
         1 7 4 7 1 1 2 8 2 5 5 4 7 1 1 
         1 0 6 0 3 3 4 1 4 7 7 0 3 6 6 
         0 3 0 3 6 6 3 0 3 6 6 3 6 0 0 
         2 6 3 6 0 0 5 2 5 8 8 6 0 3 3 
         2 2 8 2 5 5 7 4 7 1 1 5 8 2 2 
         1 5 2 5 8 8 6 3 6 0 0 8 2 5 5 
         0 8 5 8 2 2 8 5 8 2 2 2 5 8 8 
         3 2 2 8 5 8 2 2 8 5 8 2 8 5 8 
         5 5 5 2 8 2 1 1 7 4 7 5 2 8 2 
         4 8 8 5 2 5 0 0 6 3 6 8 5 2 5 
         4 1 1 7 4 7 5 5 2 8 2 4 1 7 1 
         3 4 4 1 7 1 4 4 1 7 1 7 4 1 4 
         5 7 7 4 1 4 3 3 0 6 0 1 7 4 7 
         5 0 0 6 3 6 8 8 5 2 5 6 3 0 3 
         4 3 3 0 6 0 7 7 4 1 4 0 6 3 6 
         3 6 6 3 0 3 6 6 3 0 3 3 0 6 0 
         6 0 3 6 6 3 0 3 6 6 3 3 6 6 3 
         8 3 6 0 0 6 2 5 8 8 5 6 0 0 6 
         7 6 0 3 3 0 1 4 7 7 4 0 3 3 0 
         7 2 5 8 8 5 3 6 0 0 6 8 2 2 8 
         6 5 8 2 2 8 5 8 2 2 8 2 5 5 2 
         8 8 2 5 5 2 4 7 1 1 7 5 8 8 5 
         8 1 4 7 7 4 6 0 3 3 0 1 4 4 1 
         7 4 7 1 1 7 8 2 5 5 2 4 7 7 4 
         6 7 1 4 4 1 7 1 4 4 1 7 1 1 7 

For the case n= 54 and m= 14 :
A_idx:  1 2 3 4 6 7 9 11 12 13 21 22 24 25 ; B_idx:  14 8 23 10 23 23 23 5 23 23 5 5 5 5 .
The number of empty cells :  0 ;  Variance :  0.2637363 
The pattern frequency: ( 0 0 0 0.1318681 0.8681319 ). 
The design D : 
         0 0 0 0 0 0 0 0 0 0 0 0 0 0 
         1 3 8 3 5 5 2 1 2 2 4 7 7 7 
         2 6 4 6 7 7 1 2 1 1 8 5 5 5 
         1 1 1 1 1 1 7 3 4 4 6 3 3 3 
         2 4 6 4 3 3 6 4 3 3 1 1 1 1 
         0 7 5 7 8 8 8 5 5 5 5 8 8 8 
         2 2 2 2 2 2 5 6 8 8 3 6 6 6 
         0 5 7 5 4 4 4 7 7 7 7 4 4 4 
         1 8 3 8 6 6 3 8 6 6 2 2 2 2 
         3 0 4 4 1 7 4 4 1 7 4 4 1 7 
         4 3 0 7 3 0 3 5 0 6 8 2 8 5 
         5 6 8 1 8 5 5 3 2 8 0 6 3 0 
         4 1 5 5 2 8 2 7 5 2 1 7 4 1 
         5 4 1 8 4 1 1 8 4 1 5 5 2 8 
         3 7 6 2 6 3 0 6 3 0 6 0 6 3 
         5 2 3 3 0 6 6 1 6 3 7 1 7 4 
         3 5 2 6 5 2 8 2 8 5 2 8 5 2 
         4 8 7 0 7 4 7 0 7 4 3 3 0 6 
         6 0 7 8 7 1 7 4 7 1 7 7 7 1 
         7 3 3 2 0 3 6 5 6 0 2 5 5 8 
         8 6 2 5 5 8 8 3 8 2 3 0 0 3 
         7 1 8 6 8 2 5 7 2 5 4 1 1 4 
         8 4 4 0 1 4 4 8 1 4 8 8 8 2 
         6 7 0 3 3 6 3 6 0 3 0 3 3 6 
         8 2 6 7 6 0 0 1 3 6 1 4 4 7 
         6 5 5 1 2 5 2 2 5 8 5 2 2 5 
         7 8 1 4 4 7 1 0 4 7 6 6 6 0 
         0 0 3 8 3 3 3 0 3 3 3 6 3 3 
         1 3 2 2 8 8 5 1 5 5 7 4 1 1 
         2 6 7 5 1 1 4 2 4 4 2 2 8 8 
         1 1 4 6 4 4 1 3 7 7 0 0 6 6 
         2 4 0 0 6 6 0 4 6 6 4 7 4 4 
         0 7 8 3 2 2 2 5 8 8 8 5 2 2 
         2 2 5 7 5 5 8 6 2 2 6 3 0 0 
         0 5 1 1 7 7 7 7 1 1 1 1 7 7 
         1 8 6 4 0 0 6 8 0 0 5 8 5 5 
         3 0 8 0 5 8 8 8 5 8 8 2 5 8 
         4 3 4 3 7 1 7 6 4 7 0 6 0 3 
         5 6 0 6 0 3 6 7 3 6 4 4 7 1 
         4 1 6 1 3 6 3 2 6 0 5 5 8 2 
         5 4 5 4 8 2 5 0 8 2 6 0 3 6 
         3 7 1 7 1 4 4 1 7 1 1 7 1 4 
         5 2 7 2 4 7 1 5 1 4 2 8 2 5 
         3 5 3 5 6 0 0 3 0 3 3 3 6 0 
         4 8 2 8 2 5 2 4 2 5 7 1 4 7 
         6 0 2 4 8 5 2 8 8 5 2 5 8 5 
         7 3 7 7 1 7 1 6 7 4 3 0 3 0 
         8 6 3 1 3 0 0 7 6 3 7 7 1 7 
         7 1 0 5 6 3 6 2 0 6 8 8 2 8 
         8 4 8 8 2 8 8 0 2 8 0 3 6 3 
         6 7 4 2 4 1 7 1 1 7 4 1 4 1 
         8 2 1 3 7 4 4 5 4 1 5 2 5 2 
         6 5 6 6 0 6 3 3 3 0 6 6 0 6 
         7 8 5 0 5 2 5 4 5 2 1 4 7 4 

For the case n= 54 and m= 13 :
A_idx:  1 2 4 5 6 7 10 11 12 13 15 18 19 ; B_idx:  20 8 8 8 9 9 3 3 3 3 3 9 9 .
The number of empty cells :  0 ;  Variance :  0.1794872 
The pattern frequency: ( 0 0 0 0.08974359 0.9102564 ). 
The design D : 
         0 0 0 0 0 0 0 0 0 0 0 0 0 
         2 3 3 3 3 3 2 2 2 2 8 3 3 
         1 6 6 6 6 6 1 1 1 1 4 6 6 
         1 1 1 1 2 2 3 3 3 3 6 5 5 
         0 4 4 4 5 5 5 5 5 5 5 8 8 
         2 7 7 7 8 8 4 4 4 4 1 2 2 
         2 2 2 2 1 1 6 6 6 6 3 7 7 
         1 5 5 5 4 4 8 8 8 8 2 1 1 
         0 8 8 8 7 7 7 7 7 7 7 4 4 
         3 0 3 3 1 7 4 4 1 7 4 1 7 
         5 3 6 6 4 1 3 3 0 6 0 4 1 
         4 6 0 0 7 4 5 5 2 8 8 7 4 
         4 1 4 4 0 6 7 7 4 1 1 3 0 
         3 4 7 7 3 0 6 6 3 0 6 6 3 
         5 7 1 1 6 3 8 8 5 2 5 0 6 
         5 2 5 5 2 8 1 1 7 4 7 8 5 
         4 5 8 8 5 2 0 0 6 3 3 2 8 
         3 8 2 2 8 5 2 2 8 5 2 5 2 
         6 0 6 3 8 2 8 5 8 2 8 8 2 
         8 3 0 6 2 5 7 4 7 1 4 2 5 
         7 6 3 0 5 8 6 3 6 0 0 5 8 
         7 1 7 4 7 1 2 8 2 5 5 1 4 
         6 4 1 7 1 4 1 7 1 4 1 4 7 
         8 7 4 1 4 7 0 6 0 3 6 7 1 
         8 2 8 5 6 0 5 2 5 8 2 3 6 
         7 5 2 8 0 3 4 1 4 7 7 6 0 
         6 8 5 2 3 6 3 0 3 6 3 0 3 
         0 0 6 0 4 4 7 1 4 4 4 4 4 
         2 3 0 3 7 7 6 0 3 3 0 7 7 
         1 6 3 6 1 1 8 2 5 5 8 1 1 
         1 1 7 1 3 3 1 4 7 7 1 6 6 
         0 4 1 4 6 6 0 3 6 6 6 0 0 
         2 7 4 7 0 0 2 5 8 8 5 3 3 
         2 2 8 2 5 5 4 7 1 1 7 2 2 
         1 5 2 5 8 8 3 6 0 0 3 5 5 
         0 8 5 8 2 2 5 8 2 2 2 8 8 
         3 0 0 6 5 8 2 8 5 8 8 5 8 
         5 3 3 0 8 2 1 7 4 7 4 8 2 
         4 6 6 3 2 5 0 6 3 6 0 2 5 
         4 1 1 7 4 7 5 2 8 2 5 7 1 
         3 4 4 1 7 1 4 1 7 1 1 1 4 
         5 7 7 4 1 4 3 0 6 0 6 4 7 
         5 2 2 8 3 6 8 5 2 5 2 0 3 
         4 5 5 2 6 0 7 4 1 4 7 3 6 
         3 8 8 5 0 3 6 3 0 3 3 6 0 
         6 0 3 6 6 3 3 6 6 3 0 6 3 
         8 3 6 0 0 6 5 8 8 5 8 0 6 
         7 6 0 3 3 0 4 7 7 4 4 3 0 
         7 1 4 7 8 5 6 0 0 6 6 2 8 
         6 4 7 1 2 8 8 2 2 8 5 5 2 
         8 7 1 4 5 2 7 1 1 7 1 8 5 
         8 2 5 8 7 4 0 3 3 0 3 4 1 
         7 5 8 2 1 7 2 5 5 2 2 7 4 
         6 8 2 5 4 1 1 4 4 1 7 1 7 

For the case n= 54 and m= 12 :
A_idx:  1 2 4 15 17 18 19 20 21 23 24 25 ; B_idx:  8 10 14 22 22 22 22 16 3 5 6 7 .
The number of empty cells :  0 ;  Variance :  0 
The pattern frequency: ( 0 0 0 0 1 ). 
The design D : 
         0 0 0 0 0 0 0 0 0 0 0 0 
         0 3 4 8 5 5 5 7 5 7 7 7 
         0 6 8 4 7 7 7 5 7 5 5 5 
         1 1 1 7 4 4 4 4 6 3 3 3 
         1 4 5 3 6 6 6 2 2 1 1 1 
         1 7 6 2 2 2 2 6 4 8 8 8 
         2 2 2 5 8 8 8 8 3 6 6 6 
         2 5 3 1 1 1 1 3 8 4 4 4 
         2 8 7 6 3 3 3 1 1 2 2 2 
         3 1 3 4 4 1 7 1 4 4 0 8 
         3 4 7 0 6 3 0 8 6 2 7 3 
         3 7 2 8 2 8 5 3 2 6 5 1 
         4 2 4 2 8 5 2 5 1 7 3 2 
         4 5 8 7 1 7 4 0 3 5 1 6 
         4 8 0 3 3 0 6 7 8 0 8 4 
         5 0 5 6 0 6 3 6 7 1 6 5 
         5 3 6 5 5 2 8 4 0 8 4 0 
         5 6 1 1 7 4 1 2 5 3 2 7 
         6 2 6 8 5 8 2 2 8 4 8 0 
         6 5 1 4 7 1 4 6 1 2 3 7 
         6 8 5 0 0 3 6 4 3 6 1 5 
         7 0 7 3 6 0 3 3 5 7 2 3 
         7 3 2 2 2 5 8 1 7 5 6 1 
         7 6 3 7 4 7 1 8 0 0 4 8 
         8 1 8 1 1 4 7 7 2 1 5 6 
         8 4 0 6 3 6 0 5 4 8 0 4 
         8 7 4 5 8 2 5 0 6 3 7 2 
         0 2 6 5 2 5 5 2 4 0 4 4 
         0 5 1 1 4 7 7 6 6 7 2 2 
         0 8 5 6 6 0 0 4 2 5 6 6 
         1 0 7 0 3 6 6 3 1 3 7 7 
         1 3 2 8 8 2 2 1 3 1 5 5 
         1 6 3 4 1 4 4 8 8 8 0 0 
         2 1 8 7 7 1 1 7 7 6 1 1 
         2 4 0 3 0 3 3 5 0 4 8 8 
         2 7 4 2 5 8 8 0 5 2 3 3 
         3 0 0 6 6 3 6 0 8 8 4 8 
         3 3 4 5 2 8 2 7 1 3 2 3 
         3 6 8 1 4 1 4 5 3 1 6 1 
         4 1 1 4 1 7 1 4 5 2 7 2 
         4 4 5 0 3 0 3 2 7 6 5 6 
         4 7 6 8 8 5 8 6 0 4 0 4 
         5 2 2 2 5 2 5 8 2 5 1 5 
         5 5 3 7 7 4 7 3 4 0 8 0 
         5 8 7 3 0 6 0 1 6 7 3 7 
         6 1 3 1 7 7 4 1 0 8 8 4 
         6 4 7 6 0 0 6 8 5 3 3 2 
         6 7 2 5 5 5 2 3 7 1 1 6 
         7 2 4 8 2 2 8 5 6 2 2 7 
         7 5 8 4 4 4 1 0 2 6 6 5 
         7 8 0 0 6 6 3 7 4 4 4 0 
         8 0 5 3 3 3 0 6 3 5 5 1 
         8 3 6 2 8 8 5 4 8 0 0 8 
         8 6 1 7 1 1 7 2 1 7 7 3 